-6.28326 106.84389
-6.28323 106.84391
-6.28321 106.84392
-6.2832 106.84394
-6.28319 106.84395
-6.28319 106.84397
-6.28319 106.844
-6.28319 106.84402
-6.28321 106.84407
-6.28327 106.8444
-6.28311 106.84444
-6.28295 106.84446
-6.28278 106.84448
-6.28275 106.84449
-6.28273 106.8445
-6.28272 106.84451
-6.2827 106.84453
-6.28269 106.84454
-6.28266 106.84458
-6.28232 106.84465
-6.28151 106.84478
-6.28121 106.84484
-6.28009 106.84506
-6.27942 106.84522
-6.27905 106.8453
-6.27863 106.84542
-6.27834 106.84549
-6.27818 106.84553
-6.2781 106.84554
-6.27799 106.84557
-6.27791 106.84558
-6.27769 106.84563
-6.27753 106.84567
-6.2773 106.84572
-6.27614 106.84597
-6.27607 106.84598
-6.27535 106.84613
-6.27492 106.84621
-6.27449 106.8463
-6.27427 106.84634
-6.27421 106.84636
-6.27391 106.84642
-6.27385 106.84643
-6.27376 106.84644
-6.27375 106.84644
-6.27356 106.84645
-6.27337 106.84646
-6.2732 106.84646
-6.27275 106.84648
-6.27238 106.84648
-6.27198 106.84651
-6.27182 106.84651
-6.27171 106.84651
-6.27115 106.8465
-6.27074 106.84645
-6.27044 106.84643
-6.27012 106.84638
-6.26989 106.84633
-6.26969 106.84628
-6.26956 106.84624
-6.26944 106.84619
-6.26912 106.84607
-6.26879 106.84593
-6.26868 106.84587
-6.26846 106.84575
-6.26806 106.8455
-6.26772 106.84527
-6.2677 106.84526
-6.26735 106.845
-6.26728 106.84496
-6.26675 106.84461
-6.26649 106.84446
-6.26594 106.84418
-6.26565 106.84403
-6.26519 106.84379
-6.26493 106.84365
-6.26489 106.84363
-6.2647 106.84354
-6.26454 106.84345
-6.26443 106.8434
-6.26435 106.84336
-6.26423 106.84333
-6.26417 106.84331
-6.26406 106.84328
-6.2639 106.84326
-6.26387 106.84326
-6.26358 106.84323
-6.26325 106.84321
-6.26288 106.84318
-6.2626 106.84316
-6.26205 106.84314
-6.26152 106.84312
-6.26145 106.84312
-6.26121 106.84313
-6.2612 106.84313
-6.26098 106.84313
-6.26092 106.84314
-6.26068 106.84315
-6.26035 106.84316
-6.26005 106.84319
-6.25983 106.84321
-6.25961 106.84325
-6.25907 106.84334
-6.25893 106.84335
-6.25866 106.84339
-6.25863 106.84339
-6.25824 106.8434
-6.25795 106.84339
-6.25774 106.84337
-6.25764 106.84335
-6.25751 106.84334
-6.25722 106.84329
-6.25689 106.84322
-6.25636 106.84311
-6.25629 106.8431
-6.25606 106.84307
-6.2558 106.84303
-6.25573 106.84303
-6.25557 106.84301
-6.25545 106.84299
-6.25545 106.84305
-6.25545 106.84312
-6.25545 106.84319
-6.25546 106.84331
-6.25546 106.84351
-6.25547 106.84383
-6.2555 106.84496
-6.25551 106.84536
-6.25554 106.84701
-6.25557 106.84823
-6.2556 106.84902
-6.2556 106.84953
-6.2556 106.84981
-6.2556 106.85018
-6.25563 106.85109
-6.25563 106.85186
-6.25564 106.85212
-6.25566 106.85264
-6.25567 106.85289
-6.25569 106.85335
-6.2557 106.8538
-6.25572 106.85414
-6.25575 106.85435
-6.25578 106.85452
-6.25581 106.85463
-6.25583 106.85468
-6.25585 106.85474
-6.25587 106.85483
-6.25588 106.85484
-6.25589 106.85487
-6.25594 106.85502
-6.25595 106.85503
-6.25597 106.8551
-6.25612 106.85542
-6.25613 106.85545
-6.25614 106.85547
-6.25616 106.8555
-6.25619 106.85558
-6.25621 106.85563
-6.25622 106.85565
-6.2563 106.85583
-6.25639 106.85605
-6.25643 106.85613
-6.25658 106.85638
-6.25671 106.85657
-6.25693 106.85686
-6.25699 106.85694
-6.25702 106.85697
-6.25706 106.85702
-6.25719 106.85722
-6.25728 106.85735
-6.25756 106.85772
-6.2577 106.85793
-6.2578 106.85806
-6.25794 106.85829
-6.25803 106.85845
-6.25806 106.85852
-6.25807 106.85858
-6.25808 106.85865
-6.25809 106.85904
-6.25809 106.85935
-6.2581 106.85968
-6.25811 106.85994
-6.25812 106.86005
-6.25812 106.86007
-6.25814 106.86023
-6.25819 106.86045
-6.25822 106.86072
-6.25823 106.861
-6.25822 106.86112
-6.2581 106.86219
-6.25808 106.86234
-6.25808 106.86244
-6.25807 106.86258
-6.25806 106.86263
-6.25806 106.86272
-6.25807 106.86318
-6.25806 106.86345
-6.25806 106.86354
-6.25806 106.8636
-6.25804 106.86369
-6.2578 106.86362
-6.25759 106.86357
-6.25735 106.86351
-6.25723 106.86349
-6.25703 106.86346
-6.25696 106.86346
-6.25689 106.86345
-6.25661 106.86345
-6.25637 106.86347
-6.25611 106.86348
-6.25589 106.86348
-6.25582 106.86349
-6.25546 106.86351
-6.25521 106.86353
-6.25512 106.86354
-6.25503 106.86357
-6.25489 106.86362
-6.25452 106.86377
-6.25413 106.86394
-6.25403 106.86399
-6.25383 106.86408
-6.2535 106.86423
-6.25315 106.86442
-6.25305 106.86446
-6.25296 106.86449
-6.25267 106.8646
-6.2526 106.86463
-6.25233 106.86474
-6.25206 106.86485
-6.25203 106.86487
-6.25183 106.86495
-6.25167 106.86502
-6.2514 106.86514
-6.25115 106.86524
-6.25108 106.86528
-6.25088 106.86535
-6.25048 106.86552
-6.25008 106.8657
-6.24992 106.86577
-6.24955 106.86592
-6.24917 106.86609
-6.24898 106.86618
-6.24855 106.86639
-6.24815 106.86658
-6.24791 106.86668
-6.24757 106.86688
-6.24707 106.86714
-6.24516 106.86809
-6.24503 106.86815
-6.24491 106.86823
-6.24486 106.86825
-6.24483 106.86828
-6.2448 106.8683
-6.24477 106.86831
-6.24464 106.86837
-6.24452 106.86842
-6.24445 106.86844
-6.24431 106.86848
-6.24418 106.86852
-6.24383 106.86863
-6.2432 106.86878
-6.24249 106.869
-6.24224 106.8691
-6.24157 106.86917
-6.2415 106.86918
-6.24119 106.8692
-6.24097 106.86922
-6.24078 106.86922
-6.24047 106.8692
-6.23969 106.86916
-6.2396 106.86915
-6.23934 106.86913
-6.23929 106.86912
-6.23906 106.86908
-6.23875 106.86902
-6.23864 106.869
-6.23806 106.86888
-6.23738 106.8687
-6.23729 106.86867
-6.23726 106.86866
-6.23719 106.86864
-6.23706 106.86859
-6.23666 106.86841
-6.23655 106.86836
-6.23649 106.86834
-6.23634 106.86827
-6.2362 106.8682
-6.23606 106.86814
-6.23566 106.86794
-6.23546 106.86786
-6.2352 106.86775
-6.23463 106.86755
-6.2345 106.86751
-6.23434 106.86748
-6.23361 106.8674
-6.23352 106.86739
-6.23347 106.86738
-6.23292 106.86733
-6.2319 106.8672
-6.23183 106.86719
-6.23135 106.86716
-6.23086 106.86714
-6.2304 106.86715
-6.22993 106.86713
-6.22979 106.86714
-6.22971 106.86714
-6.22975 106.86662
-6.22975 106.86659
-6.22975 106.86657
-6.22974 106.86656
-6.22974 106.86655
-6.22974 106.86654
-6.22973 106.86654
-6.22972 106.86653
-6.22971 106.86653
-6.2297 106.86653
-6.22968 106.86653
-6.22965 106.86653
-6.22963 106.86652
-6.22962 106.86652
-6.22961 106.86651
-6.2296 106.86651
-6.2296 106.8665
-6.2296 106.86649
-6.2296 106.86646
-6.2296 106.86644
-6.22959 106.86635
-6.22961 106.86636
-6.22962 106.86636
-6.22963 106.86636
-6.22965 106.86637
-6.22967 106.86637
-6.2297 106.86636
-6.22972 106.86636
-6.22974 106.86635
-6.22975 106.86635
-6.22976 106.86635
-6.22978 106.86635
-6.2298 106.86636
-6.22984 106.86636
-6.22986 106.86636
-6.22989 106.86636
-6.22991 106.86636
-6.22992 106.86636
-6.22993 106.86636
-6.22995 106.86635
-6.22996 106.86635
-6.22998 106.86635
-6.22999 106.86635
-6.23 106.86636
-6.23001 106.86636
-6.23003 106.86637
-6.23004 106.86638
-6.23005 106.86639
-6.23007 106.86639
-6.2302 106.8664
-6.23022 106.86617
-6.23022 106.86611
-6.23022 106.86607
-6.23022 106.86599
-6.23023 106.86591
-6.23025 106.86582
-6.23025 106.86574
-6.23025 106.8657
-6.23026 106.86559
-6.23026 106.86555
-6.23027 106.86553
-6.23028 106.86548
-6.23055 106.8655
-6.23056 106.86546
-6.23057 106.86541
-6.23059 106.86539
-6.2306 106.86537
-6.23062 106.86536
-6.23063 106.86535
-6.23066 106.86534
-6.23068 106.86534
-6.23082 106.86533
-6.23091 106.86535
-6.23092 106.86535
-6.23092 106.86548
-6.2309 106.86558
-6.23088 106.86568
-6.23087 106.86573
-6.23086 106.86583
-6.23086 106.86585
-6.23086 106.86586
-6.23086 106.86587
-6.23086 106.86588
-6.23086 106.86589
-6.23087 106.86589
-6.23087 106.8659
-6.23088 106.8659
-6.23089 106.86591
-6.2309 106.86591
-6.23091 106.86591
-6.23092 106.86591
-6.23094 106.86591
-6.23096 106.86591
-6.23097 106.86591
-6.23099 106.86591
-6.23101 106.86591
-6.23103 106.86591
-6.23106 106.86591
-6.23107 106.86591
-6.23109 106.86591
-6.23111 106.86591
-6.23112 106.86591
-6.23114 106.86591
-6.23118 106.8659
-6.23122 106.8659
-6.23122 106.86604
-6.23149 106.86605
-6.23192 106.86605
-6.23183 106.86719
-6.23183 106.86735
-6.2319 106.86735
-6.2323 106.86738
-6.23254 106.8674
-6.23278 106.86744
-6.23298 106.86747
-6.23348 106.86752
-6.23354 106.86753
-6.23374 106.86755
-6.23382 106.86756
-6.23437 106.86763
-6.23474 106.86775
-6.23518 106.8679
-6.23544 106.86801
-6.236 106.86828
-6.23622 106.86838
-6.23642 106.86845
-6.2365 106.86848
-6.23665 106.86856
-6.23691 106.86869
-6.23723 106.86881
-6.23735 106.86885
-6.23738 106.86886
-6.23766 106.86893
-6.23801 106.86903
-6.23857 106.86916
-6.2388 106.8692
-6.23901 106.86923
-6.23935 106.86928
-6.23941 106.86929
-6.23959 106.8693
-6.23966 106.86931
-6.24045 106.86935
-6.24074 106.86936
-6.24096 106.86935
-6.2412 106.86935
-6.24124 106.86935
-6.2415 106.86934
-6.24171 106.86933
-6.24191 106.86932
-6.24198 106.86931
-6.24227 106.86927
-6.24253 106.86914
-6.24367 106.86885
-6.24402 106.86876
-6.24422 106.8687
-6.24451 106.86858
-6.24452 106.86858
-6.24458 106.86855
-6.24468 106.86851
-6.2447 106.86851
-6.24473 106.86849
-6.24475 106.86848
-6.24477 106.86847
-6.24481 106.86846
-6.24483 106.86845
-6.24486 106.86843
-6.24493 106.86838
-6.24495 106.86837
-6.24496 106.86835
-6.24498 106.86833
-6.24501 106.8683
-6.24506 106.86827
-6.2451 106.86823
-6.24518 106.86819
-6.24578 106.86787
-6.24656 106.86747
-6.24665 106.86743
-6.2471 106.8672
-6.24759 106.86696
-6.24794 106.86678
-6.24818 106.86667
-6.24859 106.86647
-6.24902 106.86626
-6.24922 106.86617
-6.24958 106.86602
-6.24995 106.86586
-6.25012 106.86578
-6.25052 106.8656
-6.25095 106.86541
-6.25116 106.86533
-6.25124 106.86529
-6.25144 106.86521
-6.25172 106.8651
-6.25189 106.86503
-6.25237 106.86481
-6.25276 106.86466
-6.25299 106.86456
-6.25306 106.86453
-6.25311 106.86451
-6.25316 106.86449
-6.25332 106.86441
-6.25354 106.8643
-6.25387 106.86416
-6.25405 106.86406
-6.25416 106.86401
-6.25455 106.86382
-6.25492 106.86366
-6.25506 106.8636
-6.25515 106.86358
-6.2552 106.86357
-6.25587 106.86355
-6.2561 106.86354
-6.25638 106.86353
-6.25661 106.86354
-6.25688 106.86354
-6.25696 106.86355
-6.25704 106.86356
-6.25722 106.86358
-6.25733 106.8636
-6.25738 106.86361
-6.25758 106.86366
-6.25778 106.86371
-6.25801 106.86378
-6.25809 106.86381
-6.25811 106.86372
-6.25813 106.86357
-6.25813 106.86346
-6.25812 106.86331
-6.25812 106.86315
-6.25811 106.86299
-6.25811 106.86272
-6.25812 106.86268
-6.25812 106.86238
-6.25813 106.86222
-6.25814 106.86212
-6.25816 106.86187
-6.25819 106.86167
-6.25825 106.86121
-6.25828 106.86085
-6.25829 106.86071
-6.25828 106.86054
-6.25823 106.86032
-6.2582 106.86014
-6.25817 106.85999
-6.25816 106.85996
-6.25814 106.85959
-6.25813 106.85919
-6.25813 106.85865
-6.25813 106.85859
-6.25812 106.8585
-6.25811 106.85848
-6.25811 106.85845
-6.25808 106.8584
-6.25805 106.85833
-6.258 106.85826
-6.2579 106.8581
-6.25781 106.85797
-6.25772 106.85783
-6.25775 106.85778
-6.25777 106.85767
-6.25777 106.85766
-6.25777 106.85752
-6.25785 106.85592
-6.25786 106.85585
-6.2579 106.85562
-6.25792 106.85522
-6.25792 106.85501
-6.25793 106.85407
-6.25801 106.85404
-6.2581 106.854
-6.25829 106.85393
-6.2585 106.85384
-6.25854 106.85383
-6.25891 106.85367
-6.25962 106.85334
-6.26007 106.85313
-6.26053 106.85293
-6.26126 106.85258
-6.2615 106.85248
-6.26204 106.85224
-6.26259 106.85204
-6.26357 106.85159
-6.26499 106.85097
-6.26578 106.85062
-6.26595 106.8505
-6.26643 106.85027
-6.26663 106.85019
-6.2668 106.85012
-6.26686 106.8501
-6.26695 106.85009
-6.26754 106.84983
-6.26894 106.84921
-6.26942 106.84901
-6.27011 106.8487
-6.27097 106.84833
-6.27165 106.84803
-6.27191 106.84793
-6.27225 106.84777
-6.27242 106.8477
-6.27253 106.84765
-6.27256 106.84763
-6.2726 106.84761
-6.27264 106.84758
-6.27266 106.84755
-6.27267 106.84753
-6.27271 106.84747
-6.27281 106.84734
-6.27281 106.8473
-6.27281 106.84726
-6.27276 106.84697
-6.27273 106.84655
-6.27321 106.84655
-6.2734 106.84654
-6.27358 106.84653
-6.27375 106.84652
-6.27381 106.84651
-6.27388 106.8465
-6.27422 106.84644
-6.27429 106.84642
-6.27453 106.84637
-6.27499 106.84627
-6.27542 106.84619
-6.27613 106.84603
-6.27619 106.84602
-6.27732 106.84578
-6.27754 106.84573
-6.27771 106.84569
-6.27793 106.84564
-6.27814 106.8456
-6.27847 106.84552
-6.27864 106.84549
-6.27922 106.84533
-6.2799 106.84518
-6.28002 106.84516
-6.28016 106.84513
-6.28072 106.84502
-6.28122 106.84493
-6.28153 106.84489
-6.28171 106.84486
-6.28238 106.84474
-6.28344 106.84456
-6.28359 106.84457
-6.28366 106.84457
-6.28391 106.84452
-6.28462 106.84435
-6.28471 106.84433
-6.28477 106.84432
-6.2848 106.84431
-6.28514 106.84428
-6.28512 106.84421
-6.28511 106.84417
-6.28511 106.84415
-6.28509 106.84407
-6.28493 106.8441
-6.28467 106.84414
-6.28447 106.84417
-6.28327 106.8444
-6.28321 106.84407
-6.28319 106.84402
-6.28319 106.844
-6.28319 106.84397
-6.28319 106.84395
-6.2832 106.84394
-6.28321 106.84392
-6.28323 106.84391
-6.28326 106.84389
