-6.39165 106.82471
-6.39157 106.82475
-6.39122 106.82494
-6.39091 106.8251
-6.3905 106.82532
-6.39035 106.8254
-6.39016 106.82547
-6.39007 106.82549
-6.38982 106.82566
-6.38974 106.82571
-6.38951 106.82582
-6.38936 106.8259
-6.38929 106.82593
-6.38921 106.82598
-6.38904 106.82607
-6.38902 106.82608
-6.38856 106.82636
-6.38836 106.82648
-6.38827 106.82656
-6.3882 106.8266
-6.38806 106.82669
-6.38767 106.82698
-6.38744 106.82719
-6.38703 106.82756
-6.38695 106.82764
-6.38657 106.82801
-6.3865 106.82807
-6.38643 106.82812
-6.38629 106.82823
-6.38611 106.82834
-6.3859 106.82845
-6.3857 106.82854
-6.38556 106.8286
-6.38538 106.82866
-6.38369 106.82934
-6.38321 106.82957
-6.38266 106.82978
-6.38243 106.82987
-6.38242 106.82987
-6.38235 106.82989
-6.38227 106.82994
-6.38213 106.82997
-6.38033 106.83067
-6.3793 106.83106
-6.37885 106.83124
-6.37835 106.83143
-6.37805 106.83154
-6.37766 106.83167
-6.37741 106.83174
-6.37691 106.83185
-6.37682 106.83184
-6.37669 106.83188
-6.37588 106.83207
-6.37565 106.83212
-6.37508 106.83219
-6.37499 106.8322
-6.37488 106.83223
-6.37481 106.83223
-6.37475 106.83223
-6.37456 106.83227
-6.37445 106.8323
-6.37435 106.83232
-6.37429 106.83232
-6.37421 106.83235
-6.37401 106.8324
-6.37389 106.83243
-6.37374 106.83249
-6.3734 106.8326
-6.37309 106.8327
-6.37274 106.83278
-6.37255 106.83284
-6.3724 106.83288
-6.37236 106.83289
-6.37232 106.8329
-6.3716 106.83306
-6.37132 106.83314
-6.37109 106.8332
-6.3702 106.8335
-6.36998 106.83357
-6.3698 106.83364
-6.36959 106.83371
-6.36915 106.83383
-6.36891 106.8339
-6.3687 106.83395
-6.36856 106.83397
-6.36832 106.834
-6.36801 106.834
-6.36782 106.83399
-6.36738 106.83397
-6.36706 106.83395
-6.36621 106.8339
-6.36551 106.83384
-6.36474 106.83375
-6.36464 106.83374
-6.36431 106.83371
-6.36418 106.83369
-6.3638 106.83362
-6.36356 106.83358
-6.36328 106.83356
-6.36312 106.83355
-6.36306 106.83355
-6.36266 106.83351
-6.36222 106.83347
-6.36178 106.83343
-6.36165 106.83341
-6.3613 106.83336
-6.36106 106.8333
-6.36088 106.83327
-6.3604 106.83313
-6.35935 106.83284
-6.35823 106.83253
-6.35761 106.83233
-6.35735 106.83225
-6.35679 106.83209
-6.35638 106.83201
-6.35631 106.83199
-6.35625 106.83199
-6.35619 106.83198
-6.35605 106.83198
-6.35564 106.83196
-6.35552 106.83196
-6.35534 106.83195
-6.35526 106.83195
-6.35521 106.83195
-6.3552 106.83195
-6.35518 106.83195
-6.35516 106.83196
-6.35515 106.83196
-6.35513 106.83197
-6.35509 106.832
-6.35508 106.83201
-6.35507 106.83201
-6.35506 106.83202
-6.35504 106.83204
-6.35503 106.83204
-6.35502 106.83207
-6.35501 106.83209
-6.355 106.83212
-6.35499 106.83213
-6.35499 106.83215
-6.35499 106.83216
-6.35499 106.83218
-6.35498 106.8322
-6.35498 106.83222
-6.35499 106.83223
-6.35499 106.83226
-6.35499 106.83227
-6.355 106.83233
-6.35507 106.83252
-6.35514 106.83279
-6.35517 106.8329
-6.35519 106.83297
-6.3552 106.83306
-6.3552 106.83312
-6.3552 106.83319
-6.35519 106.83325
-6.35519 106.83328
-6.35518 106.8333
-6.35517 106.83332
-6.35515 106.83334
-6.35515 106.83342
-6.35513 106.8336
-6.35511 106.83383
-6.35511 106.83404
-6.35507 106.83446
-6.35506 106.8345
-6.35506 106.83455
-6.35506 106.8346
-6.35506 106.83462
-6.35506 106.83464
-6.35507 106.83466
-6.35508 106.83468
-6.3551 106.8347
-6.35508 106.83479
-6.355 106.83508
-6.35496 106.8352
-6.3549 106.83533
-6.35484 106.83544
-6.35416 106.83656
-6.35404 106.83679
-6.35404 106.8368
-6.35397 106.83695
-6.35391 106.83712
-6.35387 106.83724
-6.35387 106.83734
-6.35386 106.83748
-6.35388 106.83763
-6.35389 106.8377
-6.35392 106.83781
-6.35396 106.83793
-6.35398 106.83797
-6.35411 106.83837
-6.35416 106.83853
-6.35426 106.83878
-6.35444 106.83918
-6.35446 106.83925
-6.35459 106.83957
-6.35461 106.83962
-6.35466 106.83974
-6.35478 106.84009
-6.35479 106.84014
-6.35482 106.84037
-6.35488 106.84079
-6.35491 106.84113
-6.35494 106.84161
-6.35494 106.84185
-6.35497 106.8425
-6.35497 106.84281
-6.35499 106.84318
-6.35501 106.84362
-6.35502 106.84375
-6.35502 106.84394
-6.35502 106.84403
-6.35501 106.8442
-6.35499 106.8444
-6.35496 106.84471
-6.35492 106.84493
-6.35492 106.84497
-6.35489 106.8452
-6.35486 106.84545
-6.35481 106.84588
-6.35479 106.8462
-6.35479 106.84629
-6.35478 106.84637
-6.35478 106.84644
-6.35479 106.84653
-6.35479 106.84661
-6.35479 106.84663
-6.3548 106.84673
-6.35482 106.84687
-6.35485 106.84704
-6.35488 106.84724
-6.35495 106.84757
-6.35515 106.84837
-6.35519 106.84865
-6.35544 106.84965
-6.35545 106.84984
-6.35544 106.84985
-6.35545 106.8499
-6.35545 106.84997
-6.35545 106.85011
-6.35543 106.85027
-6.3554 106.85054
-6.35539 106.85081
-6.35537 106.85106
-6.35536 106.85133
-6.35536 106.85152
-6.35536 106.8517
-6.35537 106.85179
-6.35539 106.85203
-6.35542 106.85237
-6.35542 106.85244
-6.35548 106.85281
-6.35549 106.85289
-6.35552 106.85308
-6.35558 106.85347
-6.35577 106.85342
-6.35594 106.85338
-6.35613 106.85333
-6.35632 106.85327
-6.35647 106.85324
-6.35658 106.85322
-6.35668 106.85321
-6.35681 106.85321
-6.35692 106.85322
-6.357 106.85323
-6.35713 106.85324
-6.35711 106.85341
-6.3571 106.85358
-6.3571 106.85367
-6.35708 106.85383
-6.35707 106.85402
-6.35706 106.85418
-6.35705 106.85437
-6.35705 106.8544
-6.35705 106.85455
-6.35706 106.8547
-6.35707 106.85489
-6.35708 106.85497
-6.3571 106.85504
-6.35714 106.85512
-6.35721 106.85523
-6.35729 106.85534
-6.35747 106.85554
-6.35771 106.85578
-6.3578 106.85587
-6.35781 106.85588
-6.35791 106.85597
-6.35799 106.85606
-6.35802 106.85611
-6.35804 106.8562
-6.35806 106.85633
-6.35808 106.85647
-6.3581 106.85664
-6.35812 106.85676
-6.35813 106.85682
-6.35817 106.85698
-6.35818 106.85712
-6.35819 106.85713
-6.35819 106.85724
-6.35819 106.85735
-6.3582 106.85745
-6.35823 106.85758
-6.35829 106.85787
-6.3584 106.85834
-6.35849 106.85869
-6.3585 106.85875
-6.35859 106.85918
-6.35796 106.85925
-6.35776 106.85927
-6.35762 106.85901
-6.35758 106.85893
-6.35751 106.85878
-6.35743 106.85865
-6.35738 106.85856
-6.35727 106.85831
-6.35705 106.85784
-6.35699 106.85772
-6.35682 106.85742
-6.35672 106.85725
-6.35656 106.85696
-6.35632 106.85653
-6.35617 106.85624
-6.35609 106.85605
-6.35602 106.85587
-6.35597 106.85568
-6.35592 106.85552
-6.35588 106.85531
-6.35585 106.85514
-6.35581 106.85491
-6.35577 106.85469
-6.35575 106.85455
-6.35575 106.85449
-6.35572 106.85429
-6.35569 106.85408
-6.35565 106.85388
-6.35561 106.85362
-6.35558 106.85347
-6.35552 106.85308
-6.35549 106.85289
-6.35548 106.85281
-6.35542 106.85244
-6.35542 106.85237
-6.35539 106.85203
-6.35537 106.85179
-6.35536 106.8517
-6.35536 106.85152
-6.35536 106.85133
-6.35537 106.85106
-6.35539 106.85081
-6.3554 106.85054
-6.35543 106.85027
-6.35545 106.85011
-6.35545 106.84997
-6.35545 106.8499
-6.35544 106.84985
-6.35545 106.84984
-6.35544 106.84965
-6.35519 106.84865
-6.35515 106.84837
-6.35495 106.84757
-6.35488 106.84724
-6.35485 106.84704
-6.35482 106.84687
-6.3548 106.84673
-6.35479 106.84663
-6.35479 106.84661
-6.35479 106.84653
-6.35478 106.84644
-6.35478 106.84637
-6.35479 106.84629
-6.35479 106.8462
-6.35481 106.84588
-6.35486 106.84545
-6.35489 106.8452
-6.35492 106.84497
-6.35492 106.84493
-6.35496 106.84471
-6.35499 106.8444
-6.35501 106.8442
-6.35502 106.84403
-6.35502 106.84394
-6.35502 106.84375
-6.35501 106.84362
-6.35499 106.84318
-6.35497 106.84281
-6.35497 106.8425
-6.35494 106.84185
-6.35494 106.84161
-6.35491 106.84113
-6.35488 106.84079
-6.35482 106.84037
-6.35479 106.84014
-6.35478 106.84009
-6.35466 106.83974
-6.35461 106.83962
-6.35459 106.83957
-6.35446 106.83925
-6.35444 106.83918
-6.35426 106.83878
-6.35416 106.83853
-6.35411 106.83837
-6.35398 106.83797
-6.35396 106.83793
-6.35392 106.83781
-6.35389 106.8377
-6.35388 106.83763
-6.35386 106.83748
-6.35387 106.83734
-6.35387 106.83724
-6.35391 106.83712
-6.35397 106.83695
-6.35404 106.8368
-6.35404 106.83679
-6.35416 106.83656
-6.35484 106.83544
-6.3549 106.83533
-6.35496 106.8352
-6.355 106.83508
-6.35508 106.83479
-6.3551 106.8347
-6.35524 106.83438
-6.35526 106.83435
-6.35528 106.83434
-6.3553 106.83431
-6.35532 106.83428
-6.35536 106.83418
-6.35542 106.83407
-6.35547 106.83402
-6.35554 106.83394
-6.3556 106.83387
-6.35569 106.83378
-6.35576 106.83372
-6.35583 106.83366
-6.3559 106.83362
-6.35597 106.83358
-6.35617 106.83347
-6.35657 106.83322
-6.35661 106.8332
-6.35665 106.83318
-6.35667 106.83316
-6.35669 106.83315
-6.35671 106.83313
-6.35672 106.83311
-6.35674 106.83308
-6.35691 106.833
-6.35718 106.83286
-6.3576 106.83266
-6.35769 106.83263
-6.35778 106.83261
-6.35786 106.8326
-6.35795 106.8326
-6.35798 106.83261
-6.35818 106.83264
-6.35826 106.83265
-6.35928 106.83297
-6.36042 106.83327
-6.36085 106.83339
-6.36104 106.83342
-6.36127 106.83348
-6.36162 106.83353
-6.36219 106.83357
-6.36263 106.8336
-6.3631 106.83364
-6.36326 106.83367
-6.36381 106.83373
-6.36417 106.83377
-6.36422 106.83378
-6.36467 106.83384
-6.36478 106.83385
-6.36551 106.83394
-6.36566 106.83398
-6.36623 106.83401
-6.36707 106.83407
-6.36738 106.83408
-6.36779 106.83411
-6.368 106.83413
-6.36834 106.83413
-6.36845 106.83411
-6.36857 106.83409
-6.36869 106.83406
-6.36884 106.83403
-6.36899 106.83399
-6.36917 106.83394
-6.36921 106.83393
-6.36972 106.83384
-6.36992 106.83376
-6.37006 106.83371
-6.37029 106.83363
-6.3707 106.83349
-6.37111 106.83334
-6.37134 106.83327
-6.37156 106.83322
-6.37166 106.83319
-6.37228 106.83303
-6.37234 106.83302
-6.37241 106.833
-6.37249 106.83298
-6.37258 106.83296
-6.37278 106.8329
-6.37314 106.83281
-6.37346 106.8327
-6.37381 106.83258
-6.37407 106.83251
-6.3744 106.83244
-6.37467 106.83239
-6.37494 106.83234
-6.37521 106.83231
-6.37579 106.83221
-6.37583 106.8322
-6.37588 106.83219
-6.37643 106.83206
-6.37671 106.83198
-6.37686 106.83198
-6.37694 106.83195
-6.3771 106.83193
-6.37719 106.83189
-6.37736 106.83183
-6.37755 106.83179
-6.3782 106.83159
-6.37933 106.83115
-6.37952 106.83108
-6.38036 106.83078
-6.3823 106.83002
-6.38238 106.82999
-6.38246 106.82995
-6.38303 106.82974
-6.38323 106.82967
-6.38428 106.82924
-6.3843 106.82924
-6.38454 106.82913
-6.38459 106.82912
-6.38509 106.82894
-6.38528 106.82886
-6.38562 106.82872
-6.38566 106.82871
-6.38576 106.82866
-6.38592 106.82858
-6.386 106.82853
-6.38612 106.82847
-6.38621 106.82841
-6.38622 106.8284
-6.38637 106.8283
-6.38665 106.82806
-6.38674 106.82798
-6.38712 106.82764
-6.38744 106.82734
-6.38802 106.82684
-6.38813 106.82675
-6.38822 106.82668
-6.38822 106.82667
-6.38831 106.82661
-6.38836 106.82669
-6.38848 106.82659
-6.38859 106.82651
-6.38874 106.82641
-6.38882 106.82637
-6.38897 106.82626
-6.38911 106.82618
-6.38921 106.82613
-6.38948 106.82601
-6.3895 106.826
-6.38961 106.82595
-6.3899 106.82582
-6.38997 106.82578
-6.39 106.82576
-6.39003 106.82571
-6.39005 106.82565
-6.39012 106.82561
-6.39017 106.82558
-6.39019 106.82558
-6.39036 106.8255
-6.39063 106.82537
-6.39076 106.8253
-6.39098 106.82518
-6.3914 106.82496
-6.39145 106.82494
-6.39153 106.82489
-6.39161 106.82484
-6.39162 106.82484
-6.39219 106.82451
-6.39228 106.82446
-6.3926 106.82433
-6.39276 106.82422
-6.39319 106.824
-6.39382 106.82369
-6.39383 106.82368
-6.39392 106.82362
-6.39401 106.82357
-6.39416 106.82346
-6.39421 106.82342
-6.39422 106.82342
-6.39427 106.82338
-6.39443 106.82324
-6.39451 106.82317
-6.39467 106.82301
-6.39476 106.82291
-6.39536 106.82226
-6.39572 106.82189
-6.39572 106.82188
-6.39583 106.82179
-6.39587 106.82176
-6.39594 106.82171
-6.39598 106.82168
-6.39601 106.82166
-6.39621 106.82153
-6.39613 106.82143
-6.3961 106.82145
-6.39593 106.82155
-6.39585 106.8216
-6.39583 106.82162
-6.39581 106.82164
-6.39577 106.82167
-6.39573 106.8217
-6.3957 106.82173
-6.39565 106.82177
-6.39563 106.82179
-6.3956 106.82183
-6.39465 106.82282
-6.39455 106.82291
-6.3944 106.82309
-6.39419 106.82329
-6.39414 106.82333
-6.39408 106.82338
-6.39398 106.82345
-6.39387 106.82351
-6.39376 106.82358
-6.39368 106.82363
-6.39345 106.82376
-6.39326 106.82386
-6.39315 106.82392
-6.39264 106.82419
-6.39223 106.82438
-6.39216 106.82445
-6.39191 106.82458
-6.39172 106.82468
-6.39165 106.82471
