-6.39165 106.82471
-6.39035 106.8254
-6.3903 106.82538
-6.39029 106.82538
-6.39028 106.82537
-6.39024 106.82535
-6.39023 106.82534
-6.3902 106.82532
-6.39016 106.82528
-6.39017 106.82463
-6.39019 106.82462
-6.39019 106.82461
-6.3902 106.82461
-6.3902 106.8246
-6.39021 106.8246
-6.39021 106.82459
-6.39022 106.82458
-6.39022 106.82456
-6.39023 106.82453
-6.39035 106.82297
-6.39036 106.82253
-6.39035 106.82253
-6.39035 106.82252
-6.39034 106.82252
-6.39034 106.82251
-6.39033 106.82251
-6.39032 106.8225
-6.39031 106.8225
-6.3903 106.82249
-6.39015 106.82249
-6.39015 106.8225
-6.39013 106.8225
-6.39012 106.82251
-6.39011 106.82251
-6.39004 106.82364
-6.39004 106.82452
-6.39005 106.82453
-6.39005 106.82454
-6.39006 106.82457
-6.39009 106.82463
-6.39007 106.82549
-6.39012 106.82561
-6.39017 106.82558
-6.39019 106.82558
-6.39063 106.82537
-6.3914 106.82496
-6.39145 106.82494
-6.39161 106.82484
-6.39162 106.82484
-6.39228 106.82446
-6.3926 106.82433
-6.39276 106.82422
-6.39315 106.82406
-6.39382 106.82369
-6.39383 106.82368
-6.39401 106.82357
-6.39421 106.82342
-6.39422 106.82342
-6.39451 106.82317
-6.39572 106.82189
-6.39572 106.82188
-6.39598 106.82168
-6.39602 106.82166
-6.39622 106.82151
-6.39658 106.82134
-6.39812 106.82054
-6.39859 106.82025
-6.39884 106.82002
-6.39899 106.81993
-6.39916 106.81981
-6.39918 106.8198
-6.39957 106.81945
-6.39976 106.81925
-6.39979 106.81921
-6.39991 106.81908
-6.40009 106.81894
-6.4002 106.81889
-6.40029 106.81886
-6.40079 106.81875
-6.40111 106.81872
-6.40127 106.81872
-6.40145 106.8187
-6.40174 106.81875
-6.40179 106.81877
-6.40264 106.81897
-6.40271 106.81898
-6.40274 106.81898
-6.40365 106.81911
-6.40367 106.81911
-6.40382 106.81914
-6.40414 106.81915
-6.4047 106.8191
-6.40579 106.81893
-6.40604 106.81887
-6.4065 106.81872
-6.40666 106.81864
-6.40669 106.81863
-6.40971 106.81702
-6.40989 106.81694
-6.41017 106.81684
-6.41046 106.81677
-6.41047 106.81676
-6.41056 106.81673
-6.41057 106.81673
-6.41065 106.81669
-6.41075 106.81666
-6.41097 106.81662
-6.4117 106.81658
-6.41174 106.81657
-6.41198 106.81654
-6.41215 106.8165
-6.41223 106.81647
-6.41266 106.81637
-6.41286 106.81635
-6.41328 106.81626
-6.4133 106.81626
-6.41346 106.81619
-6.41357 106.81616
-6.41395 106.81602
-6.41414 106.81597
-6.4148 106.8157
-6.41485 106.81567
-6.41494 106.81564
-6.41504 106.81559
-6.41526 106.8155
-6.41541 106.81545
-6.41588 106.81526
-6.41605 106.81521
-6.41735 106.81472
-6.41753 106.81464
-6.41839 106.81434
-6.4184 106.81434
-6.41871 106.81424
-6.41981 106.8138
-6.42024 106.81369
-6.42309 106.81266
-6.4231 106.81266
-6.42448 106.81215
-6.42513 106.81199
-6.42689 106.8114
-6.427 106.81135
-6.42738 106.81123
-6.42742 106.81121
-6.42967 106.81044
-6.42972 106.81043
-6.43128 106.80986
-6.43235 106.80951
-6.43236 106.80951
-6.43315 106.80922
-6.43393 106.80898
-6.4346 106.80873
-6.4352 106.80854
-6.43569 106.80846
-6.43688 106.80809
-6.43759 106.80779
-6.43773 106.80774
-6.43815 106.80753
-6.43837 106.8074
-6.43841 106.80737
-6.43868 106.80721
-6.43977 106.80649
-6.43979 106.80647
-6.44003 106.80633
-6.44013 106.80626
-6.44079 106.80588
-6.44193 106.80532
-6.44218 106.80522
-6.44263 106.80501
-6.44264 106.805
-6.44277 106.80495
-6.44306 106.8048
-6.44322 106.80473
-6.44334 106.80469
-6.44383 106.80444
-6.44384 106.80444
-6.44408 106.80431
-6.44456 106.80409
-6.4448 106.80396
-6.44525 106.80376
-6.44555 106.8036
-6.44577 106.80351
-6.44596 106.80341
-6.44599 106.8034
-6.4463 106.80325
-6.44676 106.80307
-6.44751 106.80284
-6.4478 106.80278
-6.4479 106.80278
-6.4481 106.80273
-6.4486 106.80269
-6.44879 106.80269
-6.44905 106.80271
-6.44933 106.80267
-6.44943 106.80264
-6.44999 106.80241
-6.45031 106.80221
-6.45042 106.80212
-6.45051 106.80201
-6.45055 106.80195
-6.45059 106.80186
-6.45064 106.80158
-6.45071 106.80128
-6.45071 106.80119
-6.45058 106.8005
-6.45058 106.80046
-6.45057 106.80043
-6.45056 106.80032
-6.4506 106.79989
-6.45053 106.79956
-6.45052 106.79955
-6.45044 106.79909
-6.45086 106.79906
-6.4523 106.79902
-6.45236 106.79901
-6.45342 106.79901
-6.45346 106.79902
-6.4536 106.79902
-6.45383 106.79897
-6.45416 106.79883
-6.45419 106.79881
-6.45437 106.79874
-6.4544 106.79872
-6.45556 106.79825
-6.45565 106.7982
-6.45638 106.79788
-6.45639 106.79788
-6.45734 106.79752
-6.45738 106.79751
-6.45744 106.79747
-6.45888 106.79692
-6.45919 106.79677
-6.45936 106.79673
-6.45945 106.7967
-6.45973 106.79657
-6.45996 106.79649
-6.46006 106.79647
-6.46023 106.79645
-6.46117 106.79642
-6.46131 106.7964
-6.46181 106.79637
-6.46187 106.79638
-6.46213 106.79638
-6.46218 106.79639
-6.46226 106.79643
-6.46229 106.79645
-6.46232 106.79648
-6.46235 106.79653
-6.46248 106.79705
-6.46257 106.79753
-6.46257 106.79777
-6.46256 106.7978
-6.46249 106.79792
-6.46249 106.79793
-6.46223 106.79833
-6.46218 106.79838
-6.46202 106.79868
-6.46202 106.79869
-6.46165 106.79925
-6.46143 106.79955
-6.46125 106.79992
-6.46125 106.79997
-6.46124 106.8
-6.46125 106.80008
-6.46127 106.80014
-6.46127 106.80015
-6.46152 106.8008
-6.46157 106.80098
-6.46158 106.80107
-6.46158 106.80113
-6.46157 106.80115
-6.46156 106.8012
-6.46156 106.80126
-6.46154 106.80136
-6.46154 106.8014
-6.46156 106.80147
-6.46159 106.80153
-6.46162 106.80157
-6.46163 106.8016
-6.46169 106.80167
-6.46179 106.80181
-6.46183 106.8019
-6.46201 106.8025
-6.46204 106.80255
-6.46206 106.8026
-6.46208 106.80262
-6.4621 106.80265
-6.46217 106.80271
-6.46227 106.80278
-6.46245 106.80286
-6.46264 106.80289
-6.4631 106.8029
-6.46321 106.80291
-6.46364 106.80289
-6.46408 106.80293
-6.46419 106.80291
-6.46509 106.80298
-6.46516 106.80303
-6.46685 106.80314
-6.46726 106.80314
-6.46773 106.80317
-6.46787 106.80321
-6.46789 106.80323
-6.46796 106.80326
-6.46797 106.80326
-6.4681 106.80335
-6.46849 106.80366
-6.46855 106.80372
-6.4687 106.80382
-6.4689 106.80389
-6.469 106.8039
-6.46985 106.80407
-6.4701 106.80409
-6.47021 106.80409
-6.47032 106.80406
-6.47033 106.80405
-6.47034 106.80405
-6.47052 106.80397
-6.47164 106.80319
-6.47185 106.80307
-6.47188 106.80306
-6.47191 106.80306
-6.47198 106.80304
-6.47206 106.80303
-6.47226 106.80303
-6.47471 106.80327
-6.47226 106.80303
-6.47206 106.80303
-6.47198 106.80304
-6.47191 106.80306
-6.47188 106.80306
-6.47185 106.80307
-6.47164 106.80319
-6.47052 106.80397
-6.47034 106.80405
-6.47033 106.80405
-6.47032 106.80406
-6.47021 106.80409
-6.4701 106.80409
-6.46985 106.80407
-6.469 106.8039
-6.4689 106.80389
-6.4687 106.80382
-6.46855 106.80372
-6.46849 106.80366
-6.4681 106.80335
-6.46797 106.80326
-6.46796 106.80326
-6.46789 106.80323
-6.46787 106.80321
-6.46773 106.80317
-6.46726 106.80314
-6.46685 106.80314
-6.46516 106.80303
-6.46509 106.80298
-6.46419 106.80291
-6.46408 106.80293
-6.46364 106.80289
-6.46321 106.80291
-6.4631 106.8029
-6.46264 106.80289
-6.46245 106.80286
-6.46227 106.80278
-6.46217 106.80271
-6.4621 106.80265
-6.46208 106.80262
-6.46206 106.8026
-6.46204 106.80255
-6.46201 106.8025
-6.46183 106.8019
-6.46179 106.80181
-6.46169 106.80167
-6.46163 106.8016
-6.46162 106.80157
-6.46159 106.80153
-6.46156 106.80147
-6.46154 106.8014
-6.46154 106.80136
-6.46156 106.80126
-6.46156 106.8012
-6.46157 106.80115
-6.46158 106.80113
-6.46158 106.80107
-6.46157 106.80098
-6.46152 106.8008
-6.46127 106.80015
-6.46127 106.80014
-6.46125 106.80008
-6.46124 106.8
-6.46125 106.79997
-6.46125 106.79992
-6.46143 106.79955
-6.46165 106.79925
-6.46202 106.79869
-6.46202 106.79868
-6.46218 106.79838
-6.46223 106.79833
-6.46249 106.79793
-6.46249 106.79792
-6.46256 106.7978
-6.46257 106.79777
-6.46257 106.79753
-6.46248 106.79705
-6.46235 106.79653
-6.46232 106.79648
-6.46229 106.79645
-6.46226 106.79643
-6.46218 106.79639
-6.46213 106.79638
-6.46187 106.79638
-6.46181 106.79637
-6.46131 106.7964
-6.46117 106.79642
-6.46023 106.79645
-6.46006 106.79647
-6.45996 106.79649
-6.45973 106.79657
-6.45945 106.7967
-6.45936 106.79673
-6.45919 106.79677
-6.45888 106.79692
-6.45744 106.79747
-6.45738 106.79751
-6.45734 106.79752
-6.45639 106.79788
-6.45638 106.79788
-6.45565 106.7982
-6.45556 106.79825
-6.4544 106.79872
-6.45437 106.79874
-6.45419 106.79881
-6.45416 106.79883
-6.45383 106.79897
-6.4536 106.79902
-6.45346 106.79902
-6.45342 106.79901
-6.45236 106.79901
-6.4523 106.79902
-6.45086 106.79906
-6.45044 106.79909
-6.45052 106.79955
-6.45053 106.79956
-6.4506 106.79989
-6.45056 106.80032
-6.45057 106.80043
-6.45058 106.80046
-6.45058 106.8005
-6.45071 106.80119
-6.45071 106.80128
-6.45064 106.80158
-6.45059 106.80186
-6.45055 106.80195
-6.45051 106.80201
-6.45042 106.80212
-6.45031 106.80221
-6.44999 106.80241
-6.44943 106.80264
-6.44933 106.80267
-6.44905 106.80271
-6.44879 106.80269
-6.4486 106.80269
-6.4481 106.80273
-6.4479 106.80278
-6.4478 106.80278
-6.44751 106.80284
-6.44676 106.80307
-6.4463 106.80325
-6.44599 106.8034
-6.44596 106.80341
-6.44577 106.80351
-6.44555 106.8036
-6.44525 106.80376
-6.4448 106.80396
-6.44456 106.80409
-6.44408 106.80431
-6.44384 106.80444
-6.44383 106.80444
-6.44334 106.80469
-6.44322 106.80473
-6.44306 106.8048
-6.44277 106.80495
-6.44264 106.805
-6.44263 106.80501
-6.44218 106.80522
-6.44193 106.80532
-6.44079 106.80588
-6.44013 106.80626
-6.44003 106.80633
-6.43979 106.80647
-6.43977 106.80649
-6.43868 106.80721
-6.43841 106.80737
-6.43837 106.8074
-6.43815 106.80753
-6.43773 106.80774
-6.43759 106.80779
-6.43688 106.80809
-6.43569 106.80846
-6.4352 106.80854
-6.4346 106.80873
-6.43393 106.80898
-6.43315 106.80922
-6.43236 106.80951
-6.43235 106.80951
-6.43128 106.80986
-6.42972 106.81043
-6.42967 106.81044
-6.42742 106.81121
-6.42738 106.81123
-6.427 106.81135
-6.42689 106.8114
-6.42513 106.81199
-6.42448 106.81215
-6.4231 106.81266
-6.42309 106.81266
-6.42024 106.81369
-6.41981 106.8138
-6.41871 106.81424
-6.4184 106.81434
-6.41839 106.81434
-6.41753 106.81464
-6.41735 106.81472
-6.41605 106.81521
-6.41588 106.81526
-6.41541 106.81545
-6.41526 106.8155
-6.41504 106.81559
-6.41494 106.81564
-6.41485 106.81567
-6.4148 106.8157
-6.41414 106.81597
-6.41395 106.81602
-6.41357 106.81616
-6.41346 106.81619
-6.4133 106.81626
-6.41328 106.81626
-6.41286 106.81635
-6.41266 106.81637
-6.41223 106.81647
-6.41215 106.8165
-6.41198 106.81654
-6.41174 106.81657
-6.4117 106.81658
-6.41097 106.81662
-6.41075 106.81666
-6.41065 106.81669
-6.41063 106.8167
-6.41055 106.81668
-6.41043 106.81669
-6.40976 106.81692
-6.40975 106.81693
-6.40913 106.81725
-6.40815 106.8178
-6.4068 106.81849
-6.40663 106.81859
-6.40644 106.81867
-6.4062 106.81875
-6.40586 106.81883
-6.40472 106.81901
-6.40469 106.81901
-6.40458 106.81903
-6.40406 106.81907
-6.40368 106.81904
-6.40309 106.81894
-6.40275 106.8189
-6.40272 106.81889
-6.40231 106.81881
-6.40161 106.81863
-6.40127 106.81863
-6.40121 106.81862
-6.40116 106.81862
-6.40059 106.8187
-6.40032 106.81877
-6.40005 106.81886
-6.39996 106.81891
-6.39993 106.81897
-6.39924 106.81962
-6.3987 106.82002
-6.39805 106.82043
-6.39649 106.82122
-6.39637 106.82129
-6.39626 106.82134
-6.39595 106.82152
-6.39588 106.82157
-6.39586 106.82159
-6.39579 106.82164
-6.39575 106.82168
-6.39571 106.82171
-6.39563 106.82179
-6.3956 106.82183
-6.3947 106.82278
-6.3946 106.82287
-6.39443 106.82306
-6.3942 106.82328
-6.39408 106.82338
-6.39398 106.82345
-6.39368 106.82363
-6.39264 106.82419
-6.39223 106.82438
-6.39216 106.82445
-6.39165 106.82471
