-6.28326 106.84389
-6.28328 106.84388
-6.2833 106.84387
-6.28333 106.84386
-6.28336 106.84385
-6.28338 106.84384
-6.28341 106.84381
-6.28344 106.84378
-6.28345 106.84374
-6.28345 106.84369
-6.28345 106.84364
-6.28348 106.84346
-6.28348 106.84344
-6.28351 106.84324
-6.28353 106.84312
-6.2836 106.84311
-6.28393 106.84306
-6.2842 106.84302
-6.28501 106.84292
-6.28504 106.84291
-6.28506 106.84291
-6.28507 106.84292
-6.28509 106.84292
-6.2851 106.84293
-6.28511 106.84294
-6.28511 106.84296
-6.28511 106.84318
-6.28511 106.84323
-6.28512 106.84327
-6.28512 106.84328
-6.28513 106.8433
-6.28516 106.84334
-6.28524 106.84404
-6.28529 106.84425
-6.28534 106.84424
-6.28536 106.84424
-6.28598 106.84408
-6.28655 106.84394
-6.28665 106.84391
-6.28676 106.84388
-6.28688 106.84385
-6.28692 106.84378
-6.2872 106.84371
-6.28771 106.84358
-6.28789 106.84355
-6.28795 106.84355
-6.28801 106.84355
-6.28823 106.84356
-6.28826 106.84356
-6.28827 106.84356
-6.28829 106.84356
-6.28837 106.84358
-6.28842 106.84358
-6.28847 106.84358
-6.28851 106.84358
-6.28854 106.84358
-6.28859 106.84357
-6.28863 106.84356
-6.28873 106.84352
-6.28899 106.8434
-6.28946 106.84322
-6.29002 106.84297
-6.29028 106.84289
-6.29035 106.84286
-6.29046 106.84282
-6.29113 106.84256
-6.29126 106.84251
-6.29177 106.8423
-6.29215 106.84216
-6.29347 106.84159
-6.29388 106.84144
-6.29473 106.84113
-6.29497 106.84105
-6.2953 106.84095
-6.2961 106.84077
-6.29623 106.84075
-6.29697 106.84061
-6.29724 106.84056
-6.29729 106.84055
-6.29744 106.84052
-6.29745 106.84052
-6.29761 106.8405
-6.29789 106.84048
-6.29836 106.84044
-6.29837 106.84044
-6.29854 106.84042
-6.29967 106.84036
-6.29999 106.84036
-6.30032 106.84034
-6.30079 106.84028
-6.30109 106.84024
-6.30128 106.84022
-6.30165 106.84018
-6.30207 106.84012
-6.30249 106.84005
-6.30277 106.83999
-6.30283 106.83998
-6.30329 106.83986
-6.30338 106.83986
-6.30345 106.83985
-6.30365 106.83981
-6.30405 106.83976
-6.30427 106.83972
-6.3052 106.83956
-6.30598 106.83942
-6.30686 106.83928
-6.30785 106.83912
-6.30798 106.8391
-6.30878 106.83896
-6.30897 106.83893
-6.30923 106.83888
-6.30964 106.83881
-6.31095 106.83856
-6.31102 106.83855
-6.31198 106.83838
-6.31344 106.83815
-6.3141 106.83804
-6.31418 106.83802
-6.31452 106.83798
-6.31531 106.83787
-6.31568 106.83781
-6.31649 106.83768
-6.31675 106.83763
-6.31725 106.83755
-6.31779 106.83746
-6.31836 106.83736
-6.31908 106.83724
-6.31966 106.83713
-6.31983 106.83709
-6.31997 106.83706
-6.32009 106.83703
-6.32024 106.83698
-6.32044 106.83692
-6.32055 106.83688
-6.32094 106.83675
-6.3211 106.83669
-6.32125 106.83663
-6.32162 106.83646
-6.32173 106.8364
-6.32196 106.83627
-6.32241 106.83603
-6.32263 106.8359
-6.32272 106.83583
-6.32284 106.83575
-6.32312 106.83558
-6.32323 106.8355
-6.32365 106.83522
-6.32389 106.83504
-6.3242 106.83481
-6.32427 106.83475
-6.32438 106.83468
-6.32445 106.83463
-6.32468 106.8345
-6.32487 106.83439
-6.32516 106.83424
-6.32535 106.83417
-6.3255 106.83411
-6.32592 106.83398
-6.32604 106.83395
-6.32613 106.83392
-6.32627 106.83389
-6.32636 106.83387
-6.32661 106.83384
-6.32672 106.83383
-6.32682 106.83382
-6.32692 106.83381
-6.32705 106.83379
-6.32728 106.83377
-6.32739 106.83378
-6.32754 106.83379
-6.32767 106.83381
-6.32777 106.83383
-6.32783 106.83383
-6.32794 106.83386
-6.32807 106.8339
-6.32829 106.83396
-6.32858 106.83413
-6.32878 106.83423
-6.32899 106.83434
-6.3293 106.8345
-6.32964 106.8347
-6.32997 106.83493
-6.3302 106.83507
-6.33049 106.83522
-6.3308 106.83534
-6.33111 106.83544
-6.3313 106.8355
-6.33165 106.83559
-6.33178 106.83561
-6.3319 106.83562
-6.33233 106.83562
-6.33273 106.83562
-6.33292 106.83562
-6.33366 106.83562
-6.33399 106.83562
-6.33415 106.83562
-6.33452 106.8356
-6.33478 106.83556
-6.33498 106.83553
-6.33512 106.8355
-6.33521 106.83547
-6.33544 106.83538
-6.3357 106.83529
-6.33582 106.83525
-6.33595 106.83521
-6.33623 106.83514
-6.33708 106.83493
-6.33813 106.83468
-6.33854 106.83458
-6.33859 106.83457
-6.33869 106.83455
-6.33909 106.83446
-6.33965 106.83433
-6.33974 106.83431
-6.34096 106.83399
-6.34148 106.83386
-6.34207 106.83374
-6.34277 106.83362
-6.34359 106.83354
-6.34371 106.83353
-6.34397 106.83351
-6.34397 106.8335
-6.34397 106.83344
-6.34397 106.8334
-6.34397 106.83336
-6.34397 106.83335
-6.34396 106.83333
-6.34396 106.83332
-6.34396 106.8333
-6.34394 106.83327
-6.34388 106.83318
-6.34349 106.83322
-6.34319 106.83324
-6.34308 106.83325
-6.34289 106.83327
-6.34263 106.8333
-6.34258 106.8333
-6.34216 106.83335
-6.34175 106.83342
-6.34128 106.83352
-6.34028 106.83377
-6.33972 106.83391
-6.33868 106.83415
-6.33856 106.83417
-6.33849 106.83419
-6.3381 106.83428
-6.33782 106.83435
-6.33722 106.83449
-6.33696 106.83455
-6.33627 106.83472
-6.33561 106.83487
-6.33445 106.83515
-6.3344 106.83516
-6.33428 106.83519
-6.33418 106.8352
-6.3341 106.83521
-6.33399 106.83522
-6.33381 106.83523
-6.33358 106.83524
-6.33354 106.83523
-6.33312 106.83521
-6.3327 106.83516
-6.33258 106.83513
-6.33236 106.83507
-6.33225 106.83504
-6.33213 106.83499
-6.33194 106.83492
-6.33173 106.83484
-6.33115 106.83461
-6.33094 106.83452
-6.33067 106.83439
-6.33034 106.83423
-6.33003 106.83408
-6.32975 106.83394
-6.32958 106.83386
-6.32936 106.83375
-6.32909 106.83364
-6.32895 106.83358
-6.32856 106.83339
-6.32826 106.83328
-6.32817 106.83326
-6.32806 106.83324
-6.32792 106.83323
-6.32779 106.83322
-6.32761 106.83322
-6.32751 106.83322
-6.32734 106.83322
-6.32728 106.83322
-6.32668 106.83321
-6.32647 106.83319
-6.32637 106.83319
-6.32629 106.8332
-6.32607 106.83321
-6.32598 106.83322
-6.32589 106.83324
-6.32585 106.83325
-6.32577 106.83327
-6.32562 106.83333
-6.32557 106.83335
-6.32548 106.83339
-6.32542 106.83342
-6.32503 106.83366
-6.32455 106.834
-6.32436 106.83411
-6.32423 106.8342
-6.32386 106.83446
-6.32348 106.83472
-6.32316 106.83493
-6.32288 106.83512
-6.32279 106.83517
-6.32228 106.83552
-6.32189 106.83578
-6.3217 106.83596
-6.32152 106.8361
-6.32131 106.83623
-6.32116 106.83631
-6.32091 106.83642
-6.32057 106.83654
-6.31988 106.83674
-6.3186 106.83697
-6.31824 106.83703
-6.31807 106.83706
-6.31738 106.83719
-6.31655 106.83736
-6.31634 106.8374
-6.31574 106.8375
-6.31513 106.8376
-6.31406 106.83778
-6.31335 106.83789
-6.31262 106.83801
-6.3118 106.83814
-6.31139 106.8382
-6.31125 106.83821
-6.31115 106.83821
-6.31103 106.83821
-6.31094 106.8382
-6.31083 106.83818
-6.31063 106.83815
-6.31043 106.83811
-6.31024 106.83808
-6.31001 106.83804
-6.30985 106.83801
-6.30973 106.838
-6.30962 106.83799
-6.30951 106.83799
-6.30932 106.83801
-6.30907 106.83804
-6.30877 106.83813
-6.30854 106.83823
-6.30822 106.8384
-6.30789 106.83856
-6.30786 106.83858
-6.30756 106.8387
-6.30715 106.83885
-6.30709 106.83887
-6.30699 106.83889
-6.30697 106.83893
-6.30696 106.83894
-6.30695 106.83895
-6.30694 106.83896
-6.30691 106.83897
-6.30685 106.839
-6.30643 106.83908
-6.30582 106.83919
-6.30522 106.83929
-6.30433 106.83944
-6.30401 106.8395
-6.3039 106.8395
-6.30388 106.83949
-6.30376 106.83943
-6.30349 106.83947
-6.30337 106.8395
-6.3033 106.8395
-6.30321 106.83954
-6.30274 106.83966
-6.30263 106.83969
-6.30253 106.83972
-6.3024 106.83974
-6.30178 106.83984
-6.30134 106.8399
-6.30081 106.83996
-6.30022 106.84001
-6.29976 106.84006
-6.29941 106.84009
-6.29928 106.84008
-6.29917 106.84006
-6.29899 106.84007
-6.29855 106.8401
-6.29833 106.84013
-6.29748 106.84022
-6.29657 106.84037
-6.29564 106.8406
-6.29531 106.84067
-6.29513 106.84072
-6.2951 106.84073
-6.29484 106.84084
-6.29438 106.841
-6.29366 106.84125
-6.29357 106.84129
-6.29329 106.8414
-6.29266 106.84168
-6.2911 106.84227
-6.29031 106.84262
-6.28956 106.84292
-6.28837 106.84339
-6.28819 106.84344
-6.28793 106.84347
-6.28785 106.84348
-6.28765 106.84353
-6.28722 106.84361
-6.28689 106.84369
-6.28683 106.84371
-6.28675 106.8437
-6.2867 106.84371
-6.28667 106.84371
-6.28662 106.84372
-6.28656 106.84373
-6.28649 106.84375
-6.2861 106.84385
-6.28538 106.844
-6.28531 106.84402
-6.28524 106.84404
-6.28509 106.84407
-6.28493 106.8441
-6.28467 106.84414
-6.28447 106.84417
-6.28327 106.8444
-6.28321 106.84407
-6.28319 106.84402
-6.28319 106.844
-6.28319 106.84397
-6.28319 106.84395
-6.2832 106.84394
-6.28321 106.84392
-6.28323 106.84391
-6.28326 106.84389
