-6.22398 106.8662
-6.22333 106.86603
-6.22217 106.86569
-6.22212 106.86567
-6.22184 106.8656
-6.22146 106.86548
-6.22137 106.86544
-6.22133 106.86561
-6.22129 106.8662
-6.22125 106.86804
-6.22126 106.86805
-6.22152 106.86803
-6.222 106.86803
-6.22227 106.86805
-6.22279 106.86806
-6.22303 106.86805
-6.22322 106.86802
-6.22354 106.86789
-6.22372 106.86779
-6.22401 106.86766
-6.22402 106.86765
-6.22428 106.86753
-6.22501 106.86715
-6.22516 106.86706
-6.22528 106.86702
-6.22542 106.867
-6.22547 106.867
-6.22595 106.86706
-6.22622 106.86711
-6.22658 106.8672
-6.22675 106.86722
-6.22681 106.86724
-6.22718 106.86728
-6.22979 106.86727
-6.23041 106.86731
-6.23054 106.8673
-6.2319 106.86735
-6.23175 106.86953
-6.23175 106.86979
-6.23162 106.87128
-6.23161 106.87155
-6.23158 106.87186
-6.23158 106.87218
-6.23153 106.87304
-6.23149 106.87338
-6.2315 106.87385
-6.23151 106.87389
-6.23151 106.87391
-6.23153 106.87398
-6.23162 106.87407
-6.2318 106.87422
-6.23187 106.87427
-6.2319 106.87428
-6.23189 106.87551
-6.23192 106.87659
-6.23204 106.87662
-6.2321 106.87661
-6.23213 106.87661
-6.23226 106.87663
-6.23315 106.87688
-6.23455 106.87719
-6.23604 106.87758
-6.23641 106.87766
-6.23654 106.8777
-6.23658 106.87774
-6.23707 106.87787
-6.238 106.87808
-6.23823 106.87812
-6.23904 106.8782
-6.2396 106.87819
-6.23969 106.87816
-6.2412 106.87803
-6.24155 106.87797
-6.24174 106.87792
-6.24248 106.87757
-6.2427 106.87744
-6.24311 106.87711
-6.24313 106.8771
-6.24331 106.87695
-6.24405 106.87641
-6.24443 106.8762
-6.245 106.87595
-6.24539 106.8758
-6.24543 106.87576
-6.24545 106.87573
-6.24546 106.87572
-6.2456 106.87565
-6.24672 106.87521
-6.24676 106.87519
-6.24688 106.87515
-6.24726 106.87496
-6.24732 106.87494
-6.24765 106.87478
-6.24904 106.87419
-6.24927 106.87414
-6.24944 106.87413
-6.25043 106.87367
-6.2506 106.87367
-6.25109 106.87355
-6.25159 106.87347
-6.25161 106.87347
-6.25174 106.87344
-6.25193 106.87343
-6.25234 106.87347
-6.25247 106.87344
-6.25274 106.87343
-6.25292 106.87338
-6.25295 106.87336
-6.25311 106.87328
-6.25327 106.87318
-6.2538 106.87279
-6.25398 106.8727
-6.25414 106.87264
-6.25434 106.87259
-6.25467 106.87255
-6.25478 106.87255
-6.25494 106.87257
-6.25521 106.87262
-6.25522 106.87263
-6.25557 106.8727
-6.25568 106.87273
-6.25579 106.87275
-6.25651 106.87278
-6.25676 106.87282
-6.25784 106.8731
-6.25805 106.87313
-6.25807 106.87314
-6.2581 106.87314
-6.25822 106.87311
-6.25862 106.8732
-6.25909 106.87327
-6.25984 106.87331
-6.2612 106.87328
-6.26128 106.87327
-6.2616 106.87326
-6.26173 106.87324
-6.26403 106.87309
-6.26464 106.8731
-6.26566 106.87327
-6.26612 106.87329
-6.26768 106.8732
-6.26813 106.87314
-6.26844 106.87307
-6.26893 106.87292
-6.26955 106.87279
-6.26983 106.87277
-6.26997 106.87277
-6.27026 106.87274
-6.27121 106.87274
-6.27217 106.87278
-6.27313 106.87287
-6.27403 106.87301
-6.27521 106.87326
-6.27593 106.87346
-6.27634 106.87361
-6.2767 106.87371
-6.27672 106.87372
-6.27743 106.87396
-6.28018 106.87506
-6.28241 106.876
-6.28287 106.87624
-6.28452 106.87687
-6.29166 106.87982
-6.29215 106.88
-6.29284 106.88029
-6.2929 106.88031
-6.29601 106.88162
-6.2977 106.88229
-6.29778 106.88233
-6.29846 106.88257
-6.29911 106.88276
-6.29997 106.88298
-6.30095 106.88317
-6.30777 106.88472
-6.30787 106.88473
-6.30859 106.88487
-6.31023 106.88525
-6.31036 106.88529
-6.31064 106.88533
-6.31113 106.88544
-6.31248 106.88579
-6.31389 106.88608
-6.31443 106.88617
-6.31634 106.88659
-6.31752 106.88678
-6.31857 106.88692
-6.31891 106.88695
-6.32095 106.88702
-6.32924 106.88717
-6.33034 106.88724
-6.33166 106.88738
-6.33168 106.88739
-6.33174 106.8874
-6.33176 106.8874
-6.3318 106.88741
-6.33181 106.88741
-6.33658 106.88832
-6.33661 106.88832
-6.33769 106.88855
-6.34334 106.88963
-6.34392 106.88979
-6.34651 106.89033
-6.3474 106.89055
-6.3513 106.89164
-6.35131 106.89164
-6.35573 106.89285
-6.35658 106.89304
-6.3576 106.89324
-6.36083 106.89379
-6.36253 106.89411
-6.36293 106.89417
-6.36676 106.89488
-6.36803 106.89516
-6.36816 106.8952
-6.36819 106.8952
-6.36846 106.89528
-6.36873 106.89534
-6.37068 106.89566
-6.37069 106.89567
-6.37102 106.89573
-6.37175 106.89579
-6.37438 106.89625
-6.37583 106.89639
-6.37685 106.89642
-6.37764 106.89641
-6.37876 106.89632
-6.38142 106.89617
-6.38165 106.89617
-6.38257 106.89605
-6.38403 106.89596
-6.38423 106.89606
-6.38444 106.89611
-6.38476 106.89611
-6.38538 106.89614
-6.38576 106.89621
-6.38672 106.89661
-6.38702 106.89677
-6.38743 106.89692
-6.38761 106.89695
-6.38785 106.89695
-6.38813 106.8969
-6.38837 106.89679
-6.3885 106.89667
-6.3887 106.89643
-6.3888 106.89626
-6.38885 106.89616
-6.38889 106.89604
-6.38892 106.89584
-6.38892 106.89563
-6.38889 106.89546
-6.38882 106.89528
-6.38871 106.89508
-6.38853 106.89487
-6.38816 106.8946
-6.38785 106.89449
-6.38773 106.89441
-6.38753 106.89422
-6.38745 106.89411
-6.38737 106.89395
-6.3866 106.892
-6.38655 106.89184
-6.38613 106.89071
-6.38612 106.8907
-6.38572 106.88951
-6.38548 106.88872
-6.38482 106.8862
-6.38465 106.88536
-6.38459 106.88512
-6.38354 106.87973
-6.38323 106.87783
-6.38292 106.87617
-6.38278 106.87513
-6.38275 106.87479
-6.38268 106.87432
-6.38251 106.87347
-6.38242 106.87292
-6.38233 106.87222
-6.38221 106.87158
-6.38221 106.87156
-6.382 106.87074
-6.38179 106.86957
-6.38175 106.86918
-6.38174 106.86863
-6.38175 106.86853
-6.38172 106.86794
-6.38161 106.86737
-6.38156 106.86721
-6.38155 106.86714
-6.3815 106.86695
-6.38198 106.86689
-6.38209 106.86689
-6.3821 106.86678
-6.38208 106.86638
-6.38166 106.8618
-6.38162 106.86154
-6.38162 106.86149
-6.38132 106.85967
-6.38145 106.85964
-6.38167 106.85961
-6.38172 106.85961
-6.38173 106.85962
-6.38175 106.85962
-6.3821 106.85978
-6.38213 106.8598
-6.38224 106.85992
-6.38245 106.86021
-6.3825 106.86026
-6.38257 106.86031
-6.38258 106.86032
-6.38262 106.86034
-6.38274 106.86037
-6.38284 106.86038
-6.38304 106.86038
-6.38329 106.8604
-6.38415 106.86043
-6.38459 106.86046
-6.38462 106.86047
-6.38466 106.86047
-6.38469 106.86049
-6.38471 106.86051
-6.38474 106.86059
-6.38474 106.86061
-6.38475 106.86063
-6.38475 106.86064
-6.38476 106.86065
-6.38476 106.86066
-6.38479 106.86069
-6.38482 106.8607
-6.38529 106.86072
-6.38532 106.86073
-6.38533 106.86074
-6.38533 106.86075
-6.38534 106.86077
-6.38538 106.86101
-6.38538 106.86103
-6.38539 106.86104
-6.3854 106.86106
-6.38542 106.86108
-6.38552 106.86115
-6.38555 106.86118
-6.38558 106.86126
-6.38562 106.86174
-6.38573 106.86239
-6.38573 106.86248
-6.38575 106.86258
-6.38576 106.86261
-6.38577 106.86262
-6.38578 106.86264
-6.38582 106.86266
-6.38671 106.8627
-6.38696 106.86265
-6.38756 106.86256
-6.3876 106.86256
-6.38763 106.86255
-6.38766 106.86253
-6.38768 106.86251
-6.38769 106.86249
-6.38769 106.86243
-6.38763 106.86224
-6.38761 106.86212
-6.38759 106.86205
-6.38761 106.86212
-6.38763 106.86224
-6.38769 106.86243
-6.38769 106.86249
-6.38768 106.86251
-6.38766 106.86253
-6.38763 106.86255
-6.3876 106.86256
-6.38756 106.86256
-6.38696 106.86265
-6.38671 106.8627
-6.38582 106.86266
-6.38578 106.86264
-6.38577 106.86262
-6.38576 106.86261
-6.38575 106.86258
-6.38573 106.86248
-6.38573 106.86239
-6.38562 106.86174
-6.38558 106.86126
-6.38555 106.86118
-6.38552 106.86115
-6.38542 106.86108
-6.3854 106.86106
-6.38539 106.86104
-6.38538 106.86103
-6.38538 106.86101
-6.38534 106.86077
-6.38533 106.86075
-6.38533 106.86074
-6.38532 106.86073
-6.38529 106.86072
-6.38482 106.8607
-6.38479 106.86069
-6.38476 106.86066
-6.38476 106.86065
-6.38475 106.86064
-6.38475 106.86063
-6.38474 106.86061
-6.38474 106.86059
-6.38471 106.86051
-6.38469 106.86049
-6.38466 106.86047
-6.38462 106.86047
-6.38459 106.86046
-6.38415 106.86043
-6.38329 106.8604
-6.38304 106.86038
-6.38284 106.86038
-6.38274 106.86037
-6.38262 106.86034
-6.38258 106.86032
-6.38257 106.86031
-6.3825 106.86026
-6.38245 106.86021
-6.38224 106.85992
-6.38213 106.8598
-6.3821 106.85978
-6.38175 106.85962
-6.38173 106.85962
-6.38172 106.85961
-6.38167 106.85961
-6.38145 106.85964
-6.38121 106.85969
-6.38151 106.86155
-6.38177 106.86401
-6.3818 106.86462
-6.382 106.86653
-6.38193 106.8667
-6.38191 106.86673
-6.38178 106.86681
-6.38141 106.86683
-6.38132 106.86682
-6.38128 106.86683
-6.38118 106.86682
-6.38086 106.86682
-6.38087 106.86688
-6.38088 106.86741
-6.38094 106.86778
-6.38117 106.86893
-6.38118 106.86906
-6.38131 106.86979
-6.3815 106.8706
-6.38157 106.87084
-6.38167 106.87126
-6.38167 106.87127
-6.38189 106.87232
-6.38195 106.87268
-6.38214 106.87361
-6.38236 106.87455
-6.38239 106.87482
-6.38255 106.87509
-6.38266 106.87557
-6.38328 106.87887
-6.38347 106.88005
-6.38352 106.88025
-6.38449 106.88537
-6.38474 106.88654
-6.38501 106.88763
-6.38535 106.88884
-6.38667 106.89303
-6.38672 106.89325
-6.38674 106.89339
-6.3867 106.89358
-6.38663 106.89376
-6.38656 106.89386
-6.38602 106.89446
-6.38584 106.89464
-6.38531 106.89511
-6.38512 106.89526
-6.38474 106.89546
-6.38457 106.89552
-6.38441 106.89556
-6.38389 106.89564
-6.38374 106.89565
-6.3835 106.89565
-6.38286 106.89562
-6.38232 106.89569
-6.38177 106.89583
-6.38035 106.89595
-6.38028 106.89598
-6.38012 106.89608
-6.37856 106.89619
-6.37769 106.89623
-6.37639 106.89625
-6.37616 106.89624
-6.37498 106.89613
-6.37469 106.89612
-6.3742 106.89607
-6.37348 106.89596
-6.36819 106.89501
-6.36807 106.89498
-6.36802 106.89498
-6.36137 106.89371
-6.36022 106.89354
-6.35662 106.89287
-6.35531 106.89254
-6.35262 106.89177
-6.35137 106.89144
-6.35135 106.89143
-6.34695 106.8902
-6.34635 106.89005
-6.3391 106.88863
-6.3318 106.88729
-6.33177 106.88729
-6.33168 106.88727
-6.33073 106.88714
-6.3304 106.88711
-6.32925 106.88705
-6.32129 106.88694
-6.31943 106.88687
-6.31849 106.8868
-6.31749 106.88666
-6.31593 106.88638
-6.31424 106.88602
-6.31393 106.88597
-6.31117 106.88532
-6.31072 106.88519
-6.31067 106.88517
-6.31062 106.88514
-6.31054 106.88511
-6.30918 106.88485
-6.30864 106.88471
-6.3079 106.88456
-6.3036 106.88355
-6.30305 106.88344
-6.30099 106.88297
-6.29999 106.88278
-6.29834 106.88231
-6.2973 106.88194
-6.29472 106.88085
-6.29289 106.88013
-6.29062 106.87917
-6.29011 106.87893
-6.28911 106.8785
-6.27705 106.87357
-6.27653 106.8734
-6.27636 106.87336
-6.276 106.87325
-6.27498 106.87298
-6.27477 106.87287
-6.27347 106.87263
-6.27301 106.87257
-6.27152 106.87245
-6.26869 106.87245
-6.26848 106.87243
-6.26764 106.87224
-6.26742 106.87222
-6.26681 106.87222
-6.26635 106.87227
-6.26618 106.8723
-6.26527 106.87259
-6.26494 106.87266
-6.26111 106.87295
-6.26083 106.87295
-6.26002 106.873
-6.25968 106.873
-6.25925 106.87298
-6.25873 106.87291
-6.25864 106.87289
-6.25855 106.87288
-6.257 106.8725
-6.25687 106.87246
-6.25665 106.87237
-6.25641 106.87219
-6.25638 106.87218
-6.25636 106.87215
-6.25633 106.87213
-6.25604 106.8718
-6.25602 106.87179
-6.25596 106.87171
-6.25563 106.87134
-6.2556 106.87132
-6.25555 106.8713
-6.25547 106.8713
-6.25545 106.87131
-6.25503 106.87145
-6.25501 106.87145
-6.25491 106.87142
-6.25466 106.87152
-6.25374 106.87183
-6.25314 106.87206
-6.25207 106.87251
-6.25113 106.87302
-6.25074 106.8732
-6.25017 106.87352
-6.24768 106.87457
-6.24748 106.87454
-6.2473 106.87448
-6.24688 106.87387
-6.24675 106.87365
-6.24656 106.8731
-6.24639 106.87246
-6.24632 106.87224
-6.2463 106.87221
-6.24625 106.87211
-6.24606 106.87127
-6.2459 106.87077
-6.24555 106.8701
-6.24549 106.87
-6.24539 106.86988
-6.2454 106.86983
-6.2454 106.86976
-6.24532 106.86957
-6.2452 106.86918
-6.24512 106.86897
-6.24493 106.86838
-6.24491 106.86823
-6.24486 106.86825
-6.24483 106.86828
-6.2448 106.8683
-6.24452 106.86842
-6.24383 106.86863
-6.2432 106.86878
-6.24249 106.869
-6.24224 106.8691
-6.2415 106.86918
-6.24097 106.86922
-6.24078 106.86922
-6.23934 106.86913
-6.23806 106.86888
-6.23738 106.8687
-6.23706 106.86859
-6.23655 106.86836
-6.23649 106.86834
-6.23566 106.86794
-6.2352 106.86775
-6.2345 106.86751
-6.23434 106.86748
-6.23352 106.86739
-6.23347 106.86738
-6.23292 106.86733
-6.23183 106.86719
-6.23086 106.86714
-6.2304 106.86715
-6.22993 106.86713
-6.22979 106.86714
-6.22833 106.86712
-6.2278 106.86715
-6.2276 106.86714
-6.22721 106.86715
-6.22679 106.86711
-6.22659 106.86708
-6.22598 106.86692
-6.22556 106.86676
-6.22554 106.86676
-6.22551 106.86674
-6.22439 106.86632
-6.22398 106.8662
