-6.30975 106.88198
-6.30973 106.88196
-6.30968 106.88191
-6.30955 106.88174
-6.3095 106.88166
-6.30945 106.8816
-6.3094 106.88158
-6.30934 106.88156
-6.30926 106.88153
-6.30918 106.88151
-6.30901 106.88145
-6.30891 106.88141
-6.3088 106.88137
-6.30859 106.88126
-6.30815 106.88108
-6.30807 106.88104
-6.30794 106.88098
-6.30775 106.88088
-6.30769 106.88084
-6.30761 106.88078
-6.30754 106.88072
-6.30746 106.88064
-6.30735 106.88052
-6.30725 106.88041
-6.30703 106.88014
-6.307 106.88011
-6.30689 106.87997
-6.30675 106.87977
-6.30684 106.8794
-6.30689 106.87917
-6.30697 106.87891
-6.30701 106.87878
-6.30708 106.87853
-6.30712 106.87837
-6.30717 106.87824
-6.30721 106.87812
-6.30725 106.87796
-6.30735 106.87758
-6.30747 106.87713
-6.30759 106.87658
-6.30763 106.87642
-6.30778 106.87576
-6.30787 106.8754
-6.30799 106.87496
-6.30802 106.87483
-6.30812 106.87467
-6.30824 106.8745
-6.30827 106.87447
-6.3083 106.87445
-6.30843 106.8744
-6.30849 106.87454
-6.30853 106.87463
-6.3086 106.87476
-6.30872 106.87495
-6.30884 106.87486
-6.30897 106.87476
-6.30951 106.87427
-6.31007 106.87378
-6.31044 106.87344
-6.31054 106.87334
-6.31083 106.87307
-6.31116 106.87277
-6.31127 106.87266
-6.31171 106.87223
-6.31183 106.87211
-6.31185 106.87209
-6.31189 106.87205
-6.31192 106.872
-6.31196 106.87193
-6.312 106.87185
-6.31214 106.87154
-6.31223 106.87135
-6.31228 106.87122
-6.31229 106.8712
-6.31235 106.8711
-6.31247 106.87087
-6.31251 106.87078
-6.31255 106.87071
-6.31255 106.87069
-6.31256 106.87066
-6.31256 106.87063
-6.31255 106.8706
-6.31255 106.87057
-6.31254 106.87053
-6.31252 106.87048
-6.31249 106.87043
-6.31247 106.87038
-6.31215 106.86978
-6.31249 106.86953
-6.31255 106.86948
-6.31258 106.86945
-6.31263 106.86941
-6.31301 106.86911
-6.31325 106.86894
-6.31333 106.86887
-6.31341 106.86882
-6.31349 106.86876
-6.31365 106.86866
-6.31403 106.86845
-6.31433 106.86831
-6.31462 106.86817
-6.31507 106.86794
-6.31565 106.86765
-6.31593 106.86751
-6.31623 106.86737
-6.3166 106.86721
-6.31703 106.86703
-6.31704 106.86702
-6.31735 106.86686
-6.3176 106.86671
-6.31778 106.86661
-6.31809 106.86642
-6.31817 106.86637
-6.31825 106.86633
-6.31832 106.8663
-6.31852 106.86622
-6.31857 106.86619
-6.31859 106.86617
-6.31861 106.86615
-6.31863 106.86613
-6.31864 106.86609
-6.31865 106.86606
-6.31866 106.866
-6.31867 106.86592
-6.31868 106.86575
-6.31868 106.86561
-6.31868 106.86548
-6.31868 106.86538
-6.31868 106.86535
-6.31869 106.86532
-6.3187 106.86529
-6.31871 106.86524
-6.31874 106.86517
-6.31878 106.86511
-6.31882 106.86503
-6.31884 106.86497
-6.31888 106.86481
-6.3193 106.86494
-6.31986 106.86511
-6.32 106.86514
-6.32014 106.86517
-6.3203 106.86519
-6.32052 106.86523
-6.32098 106.86525
-6.32115 106.86525
-6.32129 106.86522
-6.32147 106.86519
-6.32154 106.86517
-6.32166 106.86513
-6.32225 106.86495
-6.32249 106.86487
-6.32397 106.86445
-6.32406 106.86443
-6.32453 106.86428
-6.32529 106.86401
-6.3253 106.86401
-6.32553 106.86394
-6.3257 106.86389
-6.32592 106.86387
-6.3262 106.86385
-6.3263 106.86385
-6.32658 106.86387
-6.3267 106.86388
-6.3268 106.8639
-6.32696 106.86395
-6.32715 106.86403
-6.32719 106.86405
-6.32751 106.8642
-6.32793 106.86445
-6.32815 106.86462
-6.32855 106.86497
-6.3286 106.86503
-6.32905 106.86547
-6.32944 106.86587
-6.32967 106.86611
-6.32971 106.86615
-6.32981 106.86625
-6.3299 106.86635
-6.33 106.86644
-6.33012 106.86654
-6.33021 106.86662
-6.33028 106.86668
-6.33039 106.86676
-6.33054 106.86687
-6.3309 106.86705
-6.33111 106.86714
-6.33136 106.86725
-6.33159 106.86734
-6.33169 106.86738
-6.3318 106.86742
-6.33191 106.86746
-6.33202 106.8675
-6.33204 106.8675
-6.33217 106.86753
-6.33219 106.86753
-6.33228 106.86756
-6.33236 106.86757
-6.33245 106.86758
-6.33264 106.86762
-6.33314 106.86766
-6.33369 106.86772
-6.33478 106.86785
-6.33516 106.86789
-6.33601 106.86801
-6.33604 106.86801
-6.33616 106.86803
-6.33622 106.86804
-6.33635 106.86807
-6.33663 106.86814
-6.33747 106.8684
-6.33763 106.86844
-6.33784 106.86851
-6.3386 106.86873
-6.33863 106.86874
-6.33927 106.86887
-6.33973 106.86901
-6.33987 106.86904
-6.33988 106.86904
-6.34011 106.86912
-6.34046 106.8692
-6.34054 106.86922
-6.34116 106.86929
-6.3414 106.86929
-6.34171 106.86928
-6.342 106.86927
-6.34225 106.86925
-6.34242 106.86923
-6.34253 106.8692
-6.34275 106.86913
-6.34307 106.869
-6.34313 106.86897
-6.34353 106.8688
-6.34362 106.86901
-6.34371 106.86921
-6.34375 106.86934
-6.34377 106.86945
-6.34377 106.86953
-6.34377 106.86961
-6.34377 106.86979
-6.3438 106.86985
-6.34383 106.86989
-6.34387 106.86995
-6.34399 106.87007
-6.34421 106.87035
-6.3444 106.87064
-6.34443 106.87068
-6.34451 106.8708
-6.34456 106.87088
-6.34466 106.87106
-6.34479 106.87126
-6.34485 106.87135
-6.34493 106.87146
-6.34519 106.87175
-6.34544 106.87207
-6.3455 106.87214
-6.34559 106.87222
-6.34566 106.87226
-6.34568 106.87227
-6.3457 106.8723
-6.34587 106.87241
-6.34599 106.87247
-6.34607 106.87251
-6.34614 106.87256
-6.34616 106.87257
-6.34619 106.8726
-6.34624 106.87265
-6.34629 106.87271
-6.34646 106.87292
-6.34669 106.87323
-6.34704 106.87372
-6.34716 106.8739
-6.34724 106.87402
-6.34728 106.87411
-6.34731 106.87417
-6.34737 106.87431
-6.34738 106.87432
-6.34747 106.87451
-6.3475 106.87461
-6.34753 106.87468
-6.34761 106.87491
-6.34763 106.87495
-6.3477 106.87517
-6.34775 106.87527
-6.34784 106.87544
-6.34794 106.87565
-6.34809 106.87605
-6.34814 106.87618
-6.34822 106.87641
-6.34839 106.87687
-6.3484 106.87689
-6.34841 106.87691
-6.34842 106.87692
-6.34845 106.87692
-6.34848 106.87692
-6.34878 106.87686
-6.34893 106.87683
-6.3497 106.87661
-6.34998 106.87699
-6.3501 106.87714
-6.35013 106.87718
-6.35019 106.87724
-6.35026 106.87733
-6.35039 106.87747
-6.35065 106.87774
-6.3509 106.87801
-6.35102 106.87817
-6.3511 106.87828
-6.35115 106.87836
-6.3512 106.87845
-6.35151 106.87838
-6.35161 106.87836
-6.35169 106.87835
-6.3521 106.8783
-6.35224 106.87829
-6.35252 106.87828
-6.35266 106.87829
-6.35284 106.87828
-6.35288 106.87828
-6.3533 106.87827
-6.35358 106.87827
-6.3537 106.87828
-6.35378 106.8783
-6.35387 106.87833
-6.35395 106.87835
-6.354 106.87838
-6.35423 106.87853
-6.35427 106.87854
-6.35446 106.87861
-6.35448 106.87862
-6.35475 106.87871
-6.35503 106.87879
-6.35511 106.87882
-6.35524 106.87887
-6.35556 106.87905
-6.35587 106.87928
-6.35614 106.87951
-6.35625 106.8796
-6.35626 106.87971
-6.35627 106.87977
-6.35627 106.87978
-6.35629 106.87989
-6.35648 106.88047
-6.35651 106.88054
-6.35663 106.88049
-6.35689 106.8804
-6.35692 106.88039
-6.35694 106.88039
-6.35695 106.88039
-6.35696 106.88039
-6.35697 106.88039
-6.35698 106.88039
-6.35699 106.88039
-6.357 106.88039
-6.357 106.8804
-6.35701 106.8804
-6.35702 106.88041
-6.35703 106.88044
-6.35705 106.88046
-6.35708 106.88053
-6.35712 106.8806
-6.35719 106.88071
-6.35739 106.88098
-6.35745 106.88105
-6.35749 106.88109
-6.35752 106.88112
-6.35754 106.88113
-6.35755 106.88114
-6.35756 106.88114
-6.35758 106.88115
-6.35761 106.88115
-6.35763 106.88114
-6.35765 106.88114
-6.35768 106.88114
-6.3577 106.88113
-6.35773 106.88113
-6.35775 106.88113
-6.35779 106.88114
-6.35783 106.88115
-6.35786 106.88116
-6.35789 106.88117
-6.35794 106.88118
-6.35797 106.88119
-6.358 106.88121
-6.35803 106.88123
-6.35805 106.88124
-6.35808 106.88126
-6.35812 106.88129
-6.35818 106.88136
-6.35827 106.88147
-6.35833 106.88154
-6.35864 106.88188
-6.35885 106.88209
-6.35904 106.88223
-6.35919 106.88235
-6.35928 106.88242
-6.35933 106.88246
-6.35937 106.8825
-6.35941 106.88254
-6.35944 106.88259
-6.35946 106.88262
-6.35952 106.88269
-6.35958 106.88276
-6.35959 106.88277
-6.35966 106.88284
-6.35969 106.88287
-6.35973 106.88289
-6.35978 106.88292
-6.35983 106.88296
-6.35987 106.88299
-6.3599 106.88303
-6.35998 106.88312
-6.36007 106.88324
-6.3601 106.88329
-6.36014 106.88336
-6.36014 106.88337
-6.36024 106.88351
-6.36029 106.8836
-6.36033 106.88366
-6.36036 106.88372
-6.36038 106.88378
-6.36039 106.88384
-6.36042 106.88393
-6.36042 106.88412
-6.36044 106.88417
-6.36046 106.88421
-6.36049 106.88426
-6.36052 106.8843
-6.36055 106.88434
-6.36059 106.88438
-6.36064 106.88442
-6.36068 106.88446
-6.36074 106.88449
-6.36082 106.88453
-6.3609 106.88456
-6.36097 106.88458
-6.36099 106.88458
-6.36104 106.88461
-6.36109 106.88464
-6.36112 106.88464
-6.36121 106.88464
-6.36132 106.88463
-6.36133 106.88463
-6.36142 106.88463
-6.36156 106.88463
-6.36161 106.88463
-6.36165 106.88462
-6.36172 106.8846
-6.3618 106.88458
-6.36192 106.88457
-6.36203 106.88456
-6.36208 106.88455
-6.36212 106.88454
-6.36218 106.88453
-6.36223 106.88451
-6.36227 106.88449
-6.36233 106.88446
-6.36239 106.88443
-6.36244 106.8844
-6.36252 106.88434
-6.36254 106.88432
-6.3626 106.88428
-6.36267 106.88424
-6.36273 106.8842
-6.36279 106.88418
-6.36285 106.88416
-6.36293 106.88413
-6.36294 106.88412
-6.36303 106.8841
-6.36304 106.88409
-6.36306 106.88409
-6.36308 106.88408
-6.36313 106.88407
-6.36315 106.88407
-6.36317 106.88407
-6.3632 106.88407
-6.36323 106.88407
-6.36327 106.88407
-6.3633 106.88408
-6.3634 106.88411
-6.36356 106.88416
-6.36368 106.88419
-6.36372 106.88423
-6.36375 106.88429
-6.36378 106.88435
-6.36378 106.88436
-6.3638 106.88443
-6.36381 106.88444
-6.36384 106.88456
-6.36385 106.88468
-6.36386 106.88479
-6.36387 106.8848
-6.36387 106.88491
-6.36388 106.88499
-6.36388 106.88506
-6.36389 106.88514
-6.3639 106.8852
-6.36392 106.88528
-6.36393 106.88536
-6.36395 106.88543
-6.36404 106.8858
-6.36406 106.88584
-6.36407 106.88588
-6.36408 106.88591
-6.36409 106.88594
-6.3641 106.88597
-6.36412 106.88599
-6.36413 106.88601
-6.36415 106.88603
-6.36417 106.88605
-6.36418 106.88605
-6.36418 106.88606
-6.3642 106.88607
-6.36422 106.88607
-6.36423 106.88608
-6.36425 106.88608
-6.36426 106.88608
-6.36429 106.88608
-6.36431 106.88607
-6.36438 106.88606
-6.36445 106.88605
-6.36466 106.88603
-6.36471 106.88602
-6.36474 106.88601
-6.36477 106.88601
-6.36483 106.88599
-6.36489 106.88597
-6.36502 106.88593
-6.36509 106.88591
-6.36514 106.8859
-6.36515 106.8859
-6.36518 106.8859
-6.3652 106.8859
-6.36522 106.88591
-6.36525 106.88591
-6.36538 106.88597
-6.36547 106.88601
-6.36552 106.88604
-6.36558 106.88607
-6.36562 106.8861
-6.36565 106.88613
-6.36568 106.88617
-6.3657 106.88621
-6.36572 106.88624
-6.36574 106.88628
-6.36576 106.88643
-6.36578 106.88658
-6.36578 106.88659
-6.3658 106.88673
-6.36581 106.88682
-6.36582 106.88694
-6.36582 106.88705
-6.36582 106.88706
-6.36582 106.88718
-6.36582 106.88724
-6.36582 106.8873
-6.36582 106.88735
-6.36581 106.88737
-6.36581 106.88742
-6.3658 106.88746
-6.36578 106.88751
-6.36576 106.88758
-6.36578 106.88759
-6.3658 106.88761
-6.36581 106.88764
-6.36583 106.88766
-6.36584 106.88769
-6.36585 106.88772
-6.36585 106.88777
-6.36586 106.88782
-6.36586 106.88796
-6.36586 106.88804
-6.36585 106.88821
-6.36585 106.88829
-6.36585 106.88833
-6.36585 106.88837
-6.36586 106.88841
-6.36586 106.88844
-6.36587 106.88846
-6.36588 106.88849
-6.36589 106.88851
-6.36589 106.88853
-6.3659 106.88855
-6.36596 106.88865
-6.36597 106.88866
-6.36599 106.88868
-6.36603 106.88871
-6.36607 106.88874
-6.36611 106.88876
-6.36617 106.88879
-6.36626 106.88883
-6.36632 106.88885
-6.36637 106.88887
-6.36639 106.88889
-6.36642 106.88892
-6.367 106.89039
-6.3673 106.89119
-6.36752 106.89173
-6.36772 106.89226
-6.36825 106.89358
-6.36828 106.89363
-6.3683 106.89367
-6.36833 106.89372
-6.36835 106.89377
-6.36836 106.89382
-6.36837 106.89386
-6.36838 106.89392
-6.36839 106.89397
-6.36826 106.89406
-6.36824 106.89407
-6.36792 106.89431
-6.36785 106.89434
-6.36777 106.89438
-6.36768 106.8944
-6.36759 106.89442
-6.36749 106.89444
-6.36734 106.89445
-6.36722 106.89446
-6.36696 106.89447
-6.36679 106.89447
-6.36665 106.89446
-6.36642 106.89442
-6.36625 106.89439
-6.36614 106.89437
-6.36593 106.89434
-6.36576 106.89431
-6.36562 106.89429
-6.36529 106.89422
-6.36517 106.89421
-6.36495 106.89417
-6.36456 106.8941
-6.36381 106.89394
-6.36352 106.8939
-6.36319 106.89385
-6.36233 106.89373
-6.36213 106.89371
-6.36137 106.89371
-6.36085 106.89363
-6.36036 106.89356
-6.36022 106.89354
-6.35958 106.89342
-6.35889 106.8933
-6.35844 106.89322
-6.35832 106.8932
-6.35822 106.89318
-6.35764 106.89307
-6.3571 106.89296
-6.35662 106.89287
-6.35625 106.89278
-6.35577 106.89266
-6.35531 106.89254
-6.35262 106.89177
-6.35137 106.89144
-6.35135 106.89143
-6.35128 106.89141
-6.34886 106.89072
-6.34695 106.8902
-6.34635 106.89005
-6.34452 106.88968
-6.34382 106.88954
-6.34249 106.88928
-6.34119 106.88903
-6.3401 106.88883
-6.3391 106.88863
-6.33805 106.88844
-6.33674 106.88821
-6.33521 106.88794
-6.33422 106.88774
-6.33348 106.8876
-6.33243 106.88741
-6.33185 106.8873
-6.3318 106.88729
-6.33177 106.88729
-6.33168 106.88727
-6.33167 106.88727
-6.33073 106.88714
-6.3304 106.88711
-6.32991 106.88708
-6.32925 106.88705
-6.32856 106.88704
-6.32743 106.88703
-6.32571 106.88701
-6.32569 106.88697
-6.32566 106.88695
-6.32562 106.88692
-6.32556 106.88691
-6.32543 106.88689
-6.32519 106.88685
-6.32364 106.88681
-6.32227 106.88682
-6.32062 106.88677
-6.31892 106.8867
-6.31805 106.88661
-6.31739 106.88652
-6.31631 106.88632
-6.31506 106.88606
-6.31425 106.88585
-6.31394 106.88577
-6.31284 106.8855
-6.31217 106.88533
-6.31149 106.88516
-6.31121 106.88508
-6.31102 106.88503
-6.31074 106.88489
-6.31052 106.88482
-6.3102 106.88473
-6.30997 106.88471
-6.30995 106.8847
-6.30972 106.88468
-6.30948 106.88463
-6.3094 106.8846
-6.30934 106.88459
-6.30924 106.88457
-6.30915 106.88455
-6.30906 106.88453
-6.30899 106.8845
-6.30892 106.88447
-6.30886 106.88444
-6.3088 106.88441
-6.30874 106.88438
-6.30865 106.88431
-6.30857 106.88425
-6.30851 106.88419
-6.30843 106.88411
-6.30838 106.88405
-6.30831 106.88396
-6.30814 106.8837
-6.30792 106.88339
-6.30774 106.88316
-6.3075 106.88284
-6.30749 106.88282
-6.30747 106.8828
-6.30744 106.88278
-6.30729 106.88256
-6.30692 106.88203
-6.30668 106.88167
-6.30662 106.88157
-6.30656 106.88144
-6.30653 106.88125
-6.30652 106.88106
-6.30652 106.88088
-6.30658 106.8805
-6.30668 106.88045
-6.30674 106.88044
-6.3068 106.88044
-6.30683 106.88045
-6.30687 106.88046
-6.30695 106.8805
-6.30705 106.8806
-6.30707 106.88062
-6.30714 106.88068
-6.30716 106.8807
-6.30724 106.88077
-6.3073 106.88081
-6.3074 106.88088
-6.30751 106.88094
-6.30763 106.88101
-6.30792 106.88116
-6.30827 106.88132
-6.30837 106.88138
-6.30848 106.88143
-6.30861 106.88149
-6.30873 106.88156
-6.30878 106.88161
-6.30881 106.88165
-6.30883 106.88169
-6.30885 106.88173
-6.30886 106.88178
-6.30888 106.88182
-6.30888 106.88188
-6.30889 106.88195
-6.30888 106.88208
-6.30887 106.88219
-6.30886 106.8823
-6.30885 106.88236
-6.30886 106.8824
-6.30887 106.88246
-6.30889 106.88252
-6.30891 106.88256
-6.30893 106.88259
-6.30896 106.88264
-6.309 106.88268
-6.30904 106.88272
-6.30909 106.88275
-6.30914 106.8828
-6.30922 106.88284
-6.30934 106.88292
-6.30939 106.88297
-6.30944 106.883
-6.30947 106.88304
-6.30949 106.88308
-6.30951 106.8831
-6.30952 106.88313
-6.30955 106.88324
-6.30957 106.88331
-6.3096 106.8834
-6.30962 106.88345
-6.30966 106.88353
-6.30969 106.88361
-6.30973 106.88367
-6.30976 106.88373
-6.3098 106.88376
-6.30982 106.88378
-6.30988 106.88381
-6.30994 106.88384
-6.31049 106.88397
-6.31063 106.88402
-6.3108 106.88408
-6.3109 106.88414
-6.31098 106.88419
-6.31105 106.88423
-6.31109 106.88425
-6.31112 106.88426
-6.31115 106.88426
-6.31117 106.88426
-6.31118 106.88426
-6.31119 106.88426
-6.31119 106.88425
-6.3112 106.88425
-6.3112 106.88424
-6.31121 106.88424
-6.31121 106.88422
-6.31122 106.8842
-6.31123 106.88414
-6.31126 106.88374
-6.31126 106.8837
-6.31126 106.88368
-6.31125 106.88366
-6.31124 106.88364
-6.31122 106.88363
-6.3112 106.88362
-6.31118 106.88361
-6.31112 106.8836
-6.31106 106.88359
-6.31098 106.88357
-6.3109 106.88354
-6.31084 106.88351
-6.31079 106.88347
-6.31064 106.8834
-6.31059 106.88337
-6.31051 106.88334
-6.3104 106.88331
-6.31032 106.88328
-6.31023 106.88325
-6.3102 106.88323
-6.31017 106.88321
-6.31015 106.88319
-6.31013 106.88315
-6.31012 106.88313
-6.31011 106.88309
-6.31011 106.88305
-6.31011 106.88301
-6.31011 106.88298
-6.31012 106.88294
-6.31013 106.88291
-6.31015 106.88288
-6.31031 106.88269
-6.31042 106.88257
-6.31043 106.88254
-6.31044 106.88252
-6.31044 106.8825
-6.31044 106.88247
-6.31043 106.88245
-6.31043 106.88242
-6.31036 106.8822
-6.31034 106.88216
-6.31033 106.88214
-6.31032 106.88212
-6.3103 106.88211
-6.31027 106.88209
-6.31023 106.88207
-6.31014 106.88204
-6.31007 106.88201
-6.31 106.88197
-6.30992 106.88192
-6.30985 106.88187
-6.30984 106.88186
