-6.39165 106.82471
-6.39035 106.8254
-6.3903 106.82538
-6.39029 106.82538
-6.39028 106.82537
-6.39024 106.82535
-6.3902 106.82532
-6.39016 106.82528
-6.39017 106.82463
-6.39019 106.82462
-6.39019 106.82461
-6.3902 106.82461
-6.3902 106.8246
-6.39021 106.8246
-6.39021 106.82459
-6.39022 106.82458
-6.39022 106.82456
-6.39023 106.82453
-6.39035 106.82297
-6.39036 106.82253
-6.39035 106.82253
-6.39035 106.82252
-6.39034 106.82252
-6.39034 106.82251
-6.39033 106.82251
-6.39032 106.8225
-6.39031 106.8225
-6.3903 106.82249
-6.39015 106.82249
-6.39015 106.8225
-6.39013 106.8225
-6.39012 106.82251
-6.39011 106.82251
-6.39004 106.82364
-6.39004 106.82452
-6.39005 106.82453
-6.39005 106.82454
-6.39009 106.82463
-6.39007 106.82549
-6.39012 106.82561
-6.39017 106.82558
-6.39019 106.82558
-6.39063 106.82537
-6.3914 106.82496
-6.39145 106.82494
-6.39161 106.82484
-6.39162 106.82484
-6.39228 106.82446
-6.3926 106.82433
-6.39276 106.82422
-6.39315 106.82406
-6.39382 106.82369
-6.39383 106.82368
-6.39401 106.82357
-6.39421 106.82342
-6.39422 106.82342
-6.39451 106.82317
-6.39572 106.82189
-6.39572 106.82188
-6.39598 106.82168
-6.39602 106.82166
-6.39622 106.82151
-6.39658 106.82134
-6.39812 106.82054
-6.39859 106.82025
-6.39884 106.82002
-6.39914 106.82008
-6.39928 106.82009
-6.39926 106.8204
-6.39927 106.8208
-6.39939 106.82176
-6.39959 106.82281
-6.39967 106.82315
-6.39991 106.82469
-6.39991 106.82473
-6.39994 106.82493
-6.40004 106.8254
-6.40009 106.82554
-6.40013 106.82571
-6.40041 106.82649
-6.40041 106.8265
-6.40059 106.827
-6.40067 106.82728
-6.40069 106.82743
-6.4007 106.82746
-6.4008 106.82822
-6.4008 106.82865
-6.40081 106.82871
-6.40081 106.82879
-6.40083 106.82893
-6.40083 106.82898
-6.4009 106.82935
-6.4009 106.82954
-6.40083 106.82986
-6.40058 106.83064
-6.40061 106.83072
-6.40063 106.8308
-6.40068 106.83091
-6.40128 106.83175
-6.40133 106.83184
-6.40143 106.83195
-6.40153 106.83201
-6.40168 106.83206
-6.40192 106.83209
-6.40235 106.83207
-6.40252 106.83209
-6.40274 106.83205
-6.40276 106.83205
-6.40295 106.832
-6.40315 106.83192
-6.40323 106.83191
-6.4033 106.83191
-6.40331 106.83192
-6.40334 106.83193
-6.40339 106.83198
-6.40349 106.83225
-6.40371 106.83307
-6.40385 106.83345
-6.40388 106.83359
-6.40389 106.8339
-6.40385 106.83455
-6.40379 106.83491
-6.40376 106.83501
-6.40346 106.83642
-6.40344 106.83656
-6.40344 106.8367
-6.40345 106.83673
-6.40345 106.83675
-6.40346 106.83677
-6.40347 106.83681
-6.40354 106.83695
-6.40355 106.83695
-6.40366 106.83721
-6.40378 106.83756
-6.40383 106.8378
-6.40387 106.83791
-6.40391 106.83807
-6.40395 106.83839
-6.40393 106.83846
-6.404 106.84004
-6.40402 106.84022
-6.40403 106.84025
-6.40411 106.84036
-6.40414 106.84045
-6.40414 106.84049
-6.40416 106.84055
-6.40416 106.84058
-6.40436 106.84112
-6.40438 106.8412
-6.4044 106.84125
-6.4044 106.84131
-6.40441 106.84138
-6.40439 106.84154
-6.40437 106.84159
-6.40414 106.84182
-6.40409 106.84194
-6.40408 106.84202
-6.40414 106.84214
-6.40421 106.84223
-6.40504 106.84303
-6.40531 106.84334
-6.4054 106.84341
-6.40553 106.84347
-6.4056 106.84347
-6.40594 106.84342
-6.40602 106.8434
-6.40606 106.8434
-6.40615 106.84342
-6.40617 106.84343
-6.40625 106.84349
-6.40627 106.84352
-6.4063 106.84355
-6.40632 106.8436
-6.40636 106.84375
-6.40636 106.84385
-6.40634 106.84396
-6.40613 106.84455
-6.406 106.84479
-6.40588 106.84486
-6.4058 106.84488
-6.40572 106.84489
-6.40478 106.84481
-6.40468 106.84479
-6.40451 106.84483
-6.40443 106.84487
-6.40434 106.84493
-6.4043 106.84497
-6.40427 106.84501
-6.40426 106.84504
-6.40424 106.84507
-6.4042 106.84518
-6.4042 106.84536
-6.40423 106.84546
-6.40426 106.84551
-6.40427 106.84554
-6.40429 106.84556
-6.4043 106.84558
-6.40435 106.84564
-6.40441 106.84569
-6.40447 106.84581
-6.40478 106.84611
-6.4048 106.84614
-6.40486 106.84619
-6.4049 106.84625
-6.40494 106.84633
-6.40498 106.84644
-6.40501 106.8466
-6.40499 106.84676
-6.40496 106.84686
-6.40491 106.84714
-6.4049 106.84725
-6.40492 106.84732
-6.40492 106.84736
-6.40506 106.8478
-6.40511 106.84805
-6.40521 106.84918
-6.40523 106.85008
-6.40526 106.85047
-6.40527 106.85051
-6.40527 106.85053
-6.40528 106.85056
-6.4053 106.85059
-6.40535 106.8507
-6.40577 106.85127
-6.40653 106.85202
-6.40658 106.85208
-6.40828 106.85362
-6.40843 106.85382
-6.40849 106.85393
-6.40856 106.85416
-6.40857 106.85424
-6.40857 106.85446
-6.40854 106.85461
-6.40847 106.85477
-6.40835 106.85498
-6.40821 106.85514
-6.40799 106.85529
-6.40788 106.85539
-6.40786 106.85542
-6.40784 106.85548
-6.40784 106.856
-6.40785 106.85608
-6.40785 106.85616
-6.40783 106.85633
-6.40775 106.85665
-6.40773 106.85669
-6.40771 106.85685
-6.40771 106.85697
-6.40781 106.85745
-6.40786 106.8576
-6.40788 106.85764
-6.40789 106.85768
-6.40794 106.85777
-6.4086 106.85865
-6.40906 106.85932
-6.40999 106.86056
-6.41031 106.86102
-6.41034 106.86105
-6.41054 106.8614
-6.41012 106.86154
-6.40938 106.86174
-6.40934 106.86176
-6.40876 106.86189
-6.40873 106.86189
-6.40833 106.86198
-6.4082 106.862
-6.40816 106.862
-6.407 106.86215
-6.40641 106.86219
-6.40623 106.86216
-6.40571 106.862
-6.40545 106.86189
-6.40501 106.86177
-6.40454 106.86168
-6.40402 106.86162
-6.40397 106.86162
-6.40387 106.86165
-6.4028 106.86159
-6.40243 106.86154
-6.40237 106.86149
-6.40236 106.86149
-6.40236 106.86148
-6.4021 106.86145
-6.40194 106.86145
-6.40191 106.86144
-6.40186 106.86144
-6.40182 106.86145
-6.40181 106.86146
-6.40179 106.86146
-6.40173 106.86148
-6.40144 106.86164
-6.40057 106.86224
-6.4 106.86259
-6.39998 106.86261
-6.39929 106.86303
-6.39896 106.86329
-6.39886 106.86339
-6.39855 106.86377
-6.39835 106.86415
-6.39825 106.86443
-6.39823 106.86447
-6.39822 106.86451
-6.39816 106.86461
-6.39816 106.86462
-6.39806 106.86475
-6.39797 106.86484
-6.39788 106.86491
-6.3977 106.86502
-6.39762 106.86505
-6.39742 106.86509
-6.3973 106.8651
-6.39689 106.86507
-6.39565 106.86493
-6.39562 106.86492
-6.39556 106.86492
-6.3943 106.86473
-6.39421 106.86473
-6.39414 106.86472
-6.39383 106.86474
-6.39365 106.86477
-6.39347 106.86482
-6.39306 106.86497
-6.39283 106.86509
-6.39267 106.86516
-6.39185 106.86558
-6.39063 106.86609
-6.38991 106.86635
-6.38867 106.86686
-6.38714 106.86738
-6.38704 106.86744
-6.38694 106.86747
-6.38679 106.8675
-6.38667 106.86751
-6.3864 106.8675
-6.38586 106.86742
-6.3853 106.8673
-6.38488 106.86719
-6.38314 106.86688
-6.38244 106.8668
-6.38238 106.8668
-6.38231 106.86679
-6.3821 106.86678
-6.38149 106.86683
-6.38141 106.86683
-6.38132 106.86682
-6.38128 106.86683
-6.38118 106.86682
-6.38086 106.86682
-6.38087 106.86688
-6.38087 106.86695
-6.38135 106.86696
-6.38198 106.86689
-6.38219 106.86689
-6.38231 106.8669
-6.38241 106.86689
-6.38314 106.86697
-6.38485 106.86729
-6.38586 106.86751
-6.38655 106.86759
-6.38669 106.86759
-6.38696 106.86754
-6.38706 106.86751
-6.38715 106.86744
-6.38746 106.86735
-6.3887 106.86692
-6.39002 106.86638
-6.39079 106.86611
-6.39146 106.86583
-6.39145 106.8658
-6.39146 106.86583
-6.39156 106.86579
-6.39206 106.86554
-6.39207 106.86554
-6.39213 106.8655
-6.39286 106.86516
-6.39349 106.8649
-6.39385 106.86481
-6.394 106.86479
-6.39414 106.86479
-6.39421 106.8648
-6.3943 106.8648
-6.39556 106.86499
-6.3965 106.8651
-6.39702 106.86514
-6.3974 106.86515
-6.39762 106.86511
-6.39773 106.86507
-6.39803 106.86489
-6.39813 106.86481
-6.39824 106.86466
-6.3983 106.86455
-6.39831 106.86451
-6.3984 106.86429
-6.39843 106.86419
-6.39852 106.86399
-6.39862 106.86381
-6.39891 106.86344
-6.39908 106.86328
-6.40066 106.86226
-6.40071 106.86221
-6.40147 106.86169
-6.40162 106.86161
-6.40183 106.86152
-6.40195 106.86152
-6.40237 106.86157
-6.40243 106.86154
-6.4028 106.86159
-6.40293 106.86159
-6.40387 106.86165
-6.40397 106.86168
-6.40402 106.86168
-6.40464 106.86175
-6.405 106.86182
-6.40515 106.86186
-6.40605 106.86217
-6.40623 106.86222
-6.40635 106.86224
-6.4065 106.86224
-6.4071 106.8622
-6.40719 106.86218
-6.40851 106.86203
-6.40857 106.86201
-6.40936 106.86185
-6.40941 106.86183
-6.41015 106.86162
-6.41057 106.86148
-6.41054 106.8614
-6.41034 106.86105
-6.41031 106.86102
-6.40999 106.86056
-6.40906 106.85932
-6.4086 106.85865
-6.40794 106.85777
-6.40789 106.85768
-6.40788 106.85764
-6.40786 106.8576
-6.40781 106.85745
-6.40771 106.85697
-6.40771 106.85685
-6.40773 106.85669
-6.40775 106.85665
-6.40783 106.85633
-6.40785 106.85616
-6.40785 106.85608
-6.40784 106.856
-6.40784 106.85548
-6.40786 106.85542
-6.40788 106.85539
-6.40799 106.85529
-6.40821 106.85514
-6.40835 106.85498
-6.40847 106.85477
-6.40854 106.85461
-6.40857 106.85446
-6.40857 106.85424
-6.40856 106.85416
-6.40849 106.85393
-6.40843 106.85382
-6.40828 106.85362
-6.40658 106.85208
-6.40653 106.85202
-6.40577 106.85127
-6.40535 106.8507
-6.4053 106.85059
-6.40528 106.85056
-6.40527 106.85053
-6.40527 106.85051
-6.40526 106.85047
-6.40523 106.85008
-6.40521 106.84918
-6.40511 106.84805
-6.40506 106.8478
-6.40492 106.84736
-6.40492 106.84732
-6.4049 106.84725
-6.40491 106.84714
-6.40496 106.84686
-6.40499 106.84676
-6.40501 106.8466
-6.40498 106.84644
-6.40494 106.84633
-6.4049 106.84625
-6.40486 106.84619
-6.4048 106.84614
-6.40478 106.84611
-6.40447 106.84581
-6.40441 106.84569
-6.40435 106.84564
-6.4043 106.84558
-6.40429 106.84556
-6.40427 106.84554
-6.40426 106.84551
-6.40423 106.84546
-6.4042 106.84536
-6.4042 106.84518
-6.40424 106.84507
-6.40426 106.84504
-6.40427 106.84501
-6.4043 106.84497
-6.40434 106.84493
-6.40443 106.84487
-6.40451 106.84483
-6.40468 106.84479
-6.40478 106.84481
-6.40572 106.84489
-6.4058 106.84488
-6.40588 106.84486
-6.406 106.84479
-6.40613 106.84455
-6.40634 106.84396
-6.40636 106.84385
-6.40636 106.84375
-6.40632 106.8436
-6.4063 106.84355
-6.40627 106.84352
-6.40625 106.84349
-6.40617 106.84343
-6.40615 106.84342
-6.40606 106.8434
-6.40602 106.8434
-6.40594 106.84342
-6.4056 106.84347
-6.40553 106.84347
-6.4054 106.84341
-6.40531 106.84334
-6.40504 106.84303
-6.40421 106.84223
-6.40414 106.84214
-6.40408 106.84202
-6.40409 106.84194
-6.40414 106.84182
-6.40437 106.84159
-6.40439 106.84154
-6.40441 106.84138
-6.4044 106.84131
-6.4044 106.84125
-6.40438 106.8412
-6.40436 106.84112
-6.40416 106.84058
-6.40416 106.84055
-6.40414 106.84049
-6.40414 106.84045
-6.40411 106.84036
-6.40403 106.84025
-6.40402 106.84022
-6.404 106.84004
-6.40393 106.83846
-6.40395 106.83839
-6.40391 106.83807
-6.40387 106.83791
-6.40383 106.8378
-6.40378 106.83756
-6.40366 106.83721
-6.40355 106.83695
-6.40354 106.83695
-6.40347 106.83681
-6.40346 106.83677
-6.40345 106.83675
-6.40345 106.83673
-6.40344 106.8367
-6.40344 106.83656
-6.40346 106.83642
-6.40376 106.83501
-6.40379 106.83491
-6.40385 106.83455
-6.40389 106.8339
-6.40388 106.83359
-6.40385 106.83345
-6.40371 106.83307
-6.40349 106.83225
-6.40339 106.83198
-6.40334 106.83193
-6.40331 106.83192
-6.4033 106.83191
-6.40323 106.83191
-6.40315 106.83192
-6.40295 106.832
-6.40276 106.83205
-6.40274 106.83205
-6.40252 106.83209
-6.40235 106.83207
-6.40192 106.83209
-6.40168 106.83206
-6.40153 106.83201
-6.40143 106.83195
-6.40133 106.83184
-6.40128 106.83175
-6.40068 106.83091
-6.40063 106.8308
-6.40061 106.83072
-6.40058 106.83064
-6.40083 106.82986
-6.4009 106.82954
-6.4009 106.82935
-6.40083 106.82898
-6.40083 106.82893
-6.40081 106.82879
-6.40081 106.82871
-6.4008 106.82865
-6.4008 106.82822
-6.4007 106.82746
-6.40069 106.82743
-6.40067 106.82728
-6.40059 106.827
-6.40041 106.8265
-6.40041 106.82649
-6.40013 106.82571
-6.40009 106.82554
-6.40004 106.8254
-6.39994 106.82493
-6.39991 106.82473
-6.39991 106.82469
-6.39967 106.82315
-6.39959 106.82281
-6.39939 106.82176
-6.39927 106.8208
-6.39926 106.8204
-6.39928 106.82009
-6.39916 106.81981
-6.39911 106.81972
-6.3987 106.82002
-6.39805 106.82043
-6.39626 106.82134
-6.39595 106.82152
-6.39588 106.82157
-6.39586 106.82159
-6.39579 106.82164
-6.39575 106.82168
-6.39571 106.82171
-6.39563 106.82179
-6.3956 106.82183
-6.3947 106.82278
-6.3946 106.82287
-6.39443 106.82306
-6.3942 106.82328
-6.39408 106.82338
-6.39368 106.82363
-6.39264 106.82419
-6.39223 106.82438
-6.39216 106.82445
-6.39165 106.82471
