-6.39165 106.82471
-6.39035 106.8254
-6.3903 106.82538
-6.39029 106.82538
-6.39028 106.82537
-6.39024 106.82535
-6.3902 106.82532
-6.39016 106.82528
-6.39017 106.82463
-6.39019 106.82462
-6.39019 106.82461
-6.3902 106.82461
-6.3902 106.8246
-6.39021 106.8246
-6.39021 106.82459
-6.39022 106.82458
-6.39022 106.82456
-6.39023 106.82453
-6.39035 106.82297
-6.39036 106.82253
-6.39035 106.82253
-6.39035 106.82252
-6.39034 106.82252
-6.39034 106.82251
-6.39033 106.82251
-6.39032 106.8225
-6.39031 106.8225
-6.3903 106.82249
-6.39015 106.82249
-6.39015 106.8225
-6.39013 106.8225
-6.39012 106.82251
-6.39011 106.82251
-6.39004 106.82364
-6.39004 106.82452
-6.39005 106.82453
-6.39005 106.82454
-6.39006 106.82457
-6.39009 106.82463
-6.39007 106.82549
-6.39012 106.82561
-6.39017 106.82558
-6.39019 106.82558
-6.39063 106.82537
-6.3914 106.82496
-6.39145 106.82494
-6.39161 106.82484
-6.39162 106.82484
-6.39228 106.82446
-6.3926 106.82433
-6.39276 106.82422
-6.39315 106.82406
-6.39382 106.82369
-6.39383 106.82368
-6.39401 106.82357
-6.39421 106.82342
-6.39422 106.82342
-6.39451 106.82317
-6.39572 106.82189
-6.39572 106.82188
-6.39598 106.82168
-6.39602 106.82166
-6.39622 106.82151
-6.39658 106.82134
-6.39812 106.82054
-6.39859 106.82025
-6.39884 106.82002
-6.39899 106.81993
-6.39916 106.81981
-6.39918 106.8198
-6.39957 106.81945
-6.39991 106.81908
-6.40002 106.81899
-6.39983 106.81872
-6.3998 106.81866
-6.3998 106.81864
-6.39979 106.81862
-6.39978 106.81843
-6.39979 106.8178
-6.39975 106.8173
-6.39975 106.81687
-6.39972 106.81653
-6.3997 106.816
-6.39966 106.81566
-6.39957 106.81518
-6.39937 106.81435
-6.39907 106.81338
-6.39909 106.81336
-6.39915 106.81319
-6.39915 106.81308
-6.39829 106.81045
-6.39807 106.80967
-6.39797 106.80937
-6.39774 106.80879
-6.39763 106.80846
-6.39759 106.80828
-6.39757 106.80822
-6.39749 106.80787
-6.39744 106.80753
-6.39723 106.80654
-6.39719 106.80641
-6.39717 106.80631
-6.39712 106.80617
-6.3971 106.80613
-6.3971 106.80611
-6.39646 106.80492
-6.39628 106.80453
-6.39605 106.80397
-6.39573 106.80328
-6.3957 106.80319
-6.39562 106.80301
-6.39552 106.80289
-6.39545 106.80284
-6.39521 106.80272
-6.39484 106.8026
-6.39479 106.80259
-6.39474 106.80256
-6.39473 106.80254
-6.39472 106.80253
-6.39469 106.80247
-6.39468 106.80244
-6.39465 106.80212
-6.39455 106.80152
-6.39455 106.80134
-6.39498 106.80003
-6.39501 106.7998
-6.39502 106.79956
-6.39496 106.79752
-6.39493 106.79719
-6.39475 106.79604
-6.39463 106.79507
-6.39461 106.79481
-6.3946 106.7948
-6.3945 106.79373
-6.39442 106.79329
-6.39422 106.7915
-6.39416 106.79012
-6.39421 106.78935
-6.39421 106.78911
-6.3942 106.78904
-6.3942 106.78899
-6.39417 106.78889
-6.39398 106.7886
-6.39394 106.78852
-6.39388 106.78833
-6.39388 106.7882
-6.39394 106.78781
-6.39408 106.78733
-6.3949 106.78514
-6.39506 106.78464
-6.39561 106.78235
-6.39574 106.78156
-6.39582 106.78028
-6.39593 106.77929
-6.39601 106.77806
-6.39601 106.77764
-6.396 106.77756
-6.396 106.77749
-6.39608 106.77677
-6.39612 106.77574
-6.39613 106.77571
-6.39613 106.77569
-6.39616 106.77564
-6.39615 106.77563
-6.39611 106.77553
-6.39537 106.77416
-6.39515 106.77393
-6.39472 106.7731
-6.39462 106.77286
-6.39468 106.77281
-6.39476 106.77276
-6.39479 106.77275
-6.39528 106.77265
-6.39538 106.77262
-6.39546 106.77258
-6.39571 106.77238
-6.39581 106.77232
-6.39601 106.77217
-6.39606 106.77214
-6.39637 106.7719
-6.39655 106.7718
-6.39684 106.77173
-6.39695 106.77172
-6.39777 106.77171
-6.39794 106.77172
-6.39911 106.77169
-6.40044 106.7717
-6.40062 106.77169
-6.40095 106.77164
-6.40111 106.77159
-6.40165 106.77135
-6.40216 106.77109
-6.40283 106.7708
-6.4029 106.77078
-6.40307 106.77071
-6.40319 106.77062
-6.40327 106.77052
-6.40342 106.77021
-6.40345 106.7701
-6.40347 106.76994
-6.40347 106.7697
-6.40332 106.76823
-6.40331 106.76803
-6.40329 106.76792
-6.40328 106.76759
-6.40331 106.76746
-6.40346 106.7671
-6.40351 106.76695
-6.40353 106.76684
-6.40352 106.76662
-6.40348 106.7663
-6.40349 106.76625
-6.40349 106.76621
-6.40351 106.76616
-6.40352 106.76612
-6.40359 106.76597
-6.40373 106.76574
-6.40387 106.76556
-6.40431 106.76506
-6.40452 106.76479
-6.40459 106.76468
-6.40473 106.76442
-6.40475 106.76437
-6.40492 106.76405
-6.40499 106.76389
-6.40506 106.76369
-6.40518 106.76325
-6.40531 106.76236
-6.40531 106.76229
-6.40535 106.76214
-6.40563 106.76134
-6.40582 106.76091
-6.40583 106.76085
-6.40588 106.76067
-6.4059 106.76042
-6.40589 106.76015
-6.40585 106.76002
-6.40579 106.75988
-6.40576 106.75983
-6.40558 106.75936
-6.40546 106.75892
-6.40543 106.75873
-6.40543 106.75865
-6.40545 106.75852
-6.40564 106.75815
-6.40571 106.75798
-6.40572 106.75793
-6.40572 106.75749
-6.40574 106.75745
-6.40576 106.75739
-6.40602 106.75714
-6.40645 106.7568
-6.40663 106.75664
-6.40678 106.75654
-6.40733 106.75609
-6.40745 106.75591
-6.40749 106.75582
-6.40752 106.75573
-6.40755 106.75559
-6.4094 106.75534
-6.40992 106.75521
-6.41101 106.75461
-6.41121 106.75452
-6.41127 106.7545
-6.41148 106.75447
-6.41151 106.75447
-6.41168 106.75444
-6.41235 106.75446
-6.41282 106.75445
-6.41316 106.75439
-6.41346 106.75431
-6.41357 106.75427
-6.41363 106.75426
-6.41371 106.75423
-6.41399 106.75415
-6.41431 106.75409
-6.41467 106.75414
-6.41521 106.75424
-6.41537 106.75426
-6.41549 106.75426
-6.41557 106.75425
-6.41575 106.75421
-6.41589 106.75415
-6.41624 106.75395
-6.41625 106.75394
-6.41646 106.75385
-6.41653 106.75383
-6.41684 106.75368
-6.41728 106.75352
-6.41736 106.75347
-6.41752 106.7534
-6.41789 106.7531
-6.41798 106.75306
-6.41842 106.75309
-6.41869 106.75306
-6.41877 106.75304
-6.41878 106.75304
-6.41914 106.75293
-6.4194 106.7529
-6.41969 106.75285
-6.42049 106.75278
-6.42059 106.7527
-6.42188 106.75241
-6.4219 106.7524
-6.42191 106.75239
-6.42193 106.75239
-6.42193 106.75238
-6.42196 106.75241
-6.42203 106.7523
-6.42207 106.75226
-6.42209 106.75225
-6.42211 106.75223
-6.42221 106.75219
-6.42225 106.75218
-6.42229 106.75218
-6.42234 106.75217
-6.42239 106.75217
-6.42244 106.75216
-6.42248 106.75217
-6.42265 106.75218
-6.42271 106.7522
-6.4228 106.75225
-6.42287 106.75228
-6.42292 106.75231
-6.42297 106.75235
-6.42299 106.75236
-6.423 106.75236
-6.42313 106.75239
-6.42334 106.75239
-6.42344 106.75236
-6.4235 106.75233
-6.4237 106.75218
-6.42387 106.75208
-6.42397 106.75205
-6.424 106.75205
-6.42402 106.75204
-6.42409 106.75204
-6.42412 106.75205
-6.42418 106.75205
-6.42443 106.7521
-6.42446 106.7521
-6.4245 106.75211
-6.42469 106.75211
-6.42494 106.75208
-6.4254 106.75196
-6.42556 106.75194
-6.42564 106.75194
-6.42572 106.75196
-6.42607 106.7521
-6.42625 106.75216
-6.42641 106.75219
-6.42644 106.7522
-6.42654 106.75221
-6.42685 106.7522
-6.42688 106.75219
-6.4269 106.75219
-6.42693 106.75218
-6.42694 106.75217
-6.42695 106.75217
-6.42698 106.75216
-6.42699 106.75215
-6.42712 106.75208
-6.42714 106.75208
-6.42718 106.75206
-6.4272 106.75206
-6.42741 106.75202
-6.42747 106.75202
-6.42751 106.75201
-6.42764 106.75201
-6.42782 106.75205
-6.4279 106.75205
-6.42794 106.75204
-6.4281 106.75203
-6.42812 106.75202
-6.42814 106.75203
-6.42819 106.75203
-6.42823 106.75204
-6.42825 106.75204
-6.42834 106.75207
-6.42835 106.75207
-6.42836 106.75208
-6.42851 106.75208
-6.42853 106.75207
-6.42888 106.75206
-6.42914 106.75203
-6.42963 106.75192
-6.4295 106.75144
-6.4295 106.7514
-6.42949 106.75135
-6.4295 106.75134
-6.4295 106.75132
-6.42951 106.7513
-6.42951 106.75129
-6.42952 106.75128
-6.42953 106.75128
-6.42955 106.75126
-6.42959 106.75124
-6.42969 106.75121
-6.43002 106.75114
-6.43008 106.75112
-6.43009 106.75111
-6.43015 106.75109
-6.43032 106.75098
-6.4308 106.75054
-6.43102 106.75036
-6.43106 106.75034
-6.43108 106.75032
-6.43116 106.75028
-6.43119 106.75027
-6.4312 106.75026
-6.43126 106.75022
-6.43175 106.75013
-6.43187 106.75012
-6.43211 106.75007
-6.43294 106.74983
-6.43353 106.74962
-6.43424 106.74929
-6.43441 106.74918
-6.43453 106.74908
-6.4349 106.74869
-6.4351 106.74854
-6.43523 106.74847
-6.43531 106.74844
-6.43532 106.74843
-6.43542 106.7484
-6.43584 106.7484
-6.43593 106.74842
-6.43596 106.74842
-6.43621 106.7485
-6.43623 106.74851
-6.43625 106.74851
-6.43626 106.74852
-6.43639 106.74852
-6.43748 106.74834
-6.43757 106.74831
-6.4378 106.74826
-6.43796 106.74824
-6.43804 106.74822
-6.43814 106.74821
-6.43821 106.74819
-6.43839 106.74807
-6.43841 106.74805
-6.43844 106.74803
-6.43845 106.74801
-6.43846 106.74801
-6.43848 106.748
-6.4385 106.748
-6.43851 106.74799
-6.43852 106.74799
-6.43856 106.74797
-6.43859 106.74794
-6.4386 106.74791
-6.43893 106.74811
-6.43894 106.74811
-6.43895 106.74812
-6.43898 106.74812
-6.43899 106.74813
-6.43907 106.74813
-6.43909 106.74812
-6.4391 106.74812
-6.4396 106.74795
-6.43967 106.74791
-6.43971 106.74794
-6.43973 106.74794
-6.43975 106.74796
-6.43975 106.74797
-6.43978 106.74801
-6.4398 106.74802
-6.4398 106.74804
-6.43982 106.74808
-6.43982 106.74809
-6.43991 106.74836
-6.43993 106.74839
-6.43995 106.74841
-6.44001 106.74852
-6.44003 106.74857
-6.44003 106.74859
-6.44004 106.74861
-6.44004 106.74873
-6.44005 106.74873
-6.44005 106.74875
-6.44008 106.74883
-6.44009 106.74884
-6.4401 106.74886
-6.44012 106.74888
-6.44012 106.74889
-6.44016 106.74893
-6.44019 106.74895
-6.44019 106.74896
-6.4402 106.74896
-6.4402 106.74898
-6.44021 106.74898
-6.44021 106.74902
-6.4402 106.74903
-6.4402 106.74906
-6.44013 106.74913
-6.44013 106.74914
-6.44012 106.74914
-6.44012 106.74916
-6.44011 106.74917
-6.44011 106.74925
-6.44012 106.74926
-6.44012 106.74927
-6.44014 106.74929
-6.44015 106.74932
-6.44018 106.74937
-6.44022 106.74942
-6.44022 106.74943
-6.44023 106.74943
-6.44023 106.74944
-6.44028 106.74946
-6.44028 106.74947
-6.44029 106.74947
-6.4403 106.74948
-6.44031 106.74948
-6.44032 106.74949
-6.44032 106.7495
-6.44034 106.74952
-6.44035 106.74954
-6.44035 106.74956
-6.44036 106.74957
-6.44036 106.74958
-6.44037 106.74961
-6.44037 106.7498
-6.4404 106.74984
-6.44042 106.74988
-6.44042 106.7499
-6.44043 106.74991
-6.44051 106.75019
-6.44053 106.75023
-6.44053 106.75026
-6.44054 106.75026
-6.44054 106.75027
-6.44055 106.75027
-6.44056 106.75028
-6.44059 106.75028
-6.44061 106.75029
-6.44065 106.75029
-6.44066 106.75028
-6.44068 106.75028
-6.44069 106.75027
-6.44069 106.75026
-6.44072 106.75027
-6.44072 106.75028
-6.44075 106.75028
-6.44078 106.75027
-6.44087 106.75027
-6.44088 106.75028
-6.44098 106.75034
-6.44099 106.75035
-6.441 106.75035
-6.44101 106.75036
-6.44114 106.75036
-6.44116 106.75035
-6.4412 106.75034
-6.44134 106.75078
-6.44222 106.75044
-6.44149 106.75072
-6.44144 106.75063
-6.44143 106.75062
-6.44141 106.75061
-6.44134 106.75061
-6.44132 106.7506
-6.44128 106.7506
-6.4412 106.75034
-6.44116 106.75035
-6.44114 106.75036
-6.44101 106.75036
-6.441 106.75035
-6.44099 106.75035
-6.44098 106.75034
-6.44088 106.75028
-6.44087 106.75027
-6.44078 106.75027
-6.44075 106.75028
-6.44072 106.75028
-6.44072 106.75027
-6.44069 106.75026
-6.44069 106.75027
-6.44068 106.75028
-6.44066 106.75028
-6.44065 106.75029
-6.44061 106.75029
-6.44059 106.75028
-6.44056 106.75028
-6.44055 106.75027
-6.44054 106.75027
-6.44054 106.75026
-6.44053 106.75026
-6.44053 106.75023
-6.44051 106.75019
-6.44043 106.74991
-6.44042 106.7499
-6.44042 106.74988
-6.4404 106.74984
-6.44037 106.7498
-6.44037 106.74961
-6.44036 106.74958
-6.44036 106.74957
-6.44035 106.74956
-6.44035 106.74954
-6.44034 106.74952
-6.44032 106.7495
-6.44032 106.74949
-6.44031 106.74948
-6.4403 106.74948
-6.44029 106.74947
-6.44028 106.74947
-6.44028 106.74946
-6.44023 106.74944
-6.44023 106.74943
-6.44022 106.74943
-6.44022 106.74942
-6.44018 106.74937
-6.44015 106.74932
-6.44014 106.74929
-6.44012 106.74927
-6.44012 106.74926
-6.44011 106.74925
-6.44011 106.74917
-6.44012 106.74916
-6.44012 106.74914
-6.44013 106.74914
-6.44013 106.74913
-6.4402 106.74906
-6.4402 106.74903
-6.44021 106.74902
-6.44021 106.74898
-6.4402 106.74898
-6.4402 106.74896
-6.44019 106.74896
-6.44019 106.74895
-6.44016 106.74893
-6.44012 106.74889
-6.44012 106.74888
-6.4401 106.74886
-6.44009 106.74884
-6.44008 106.74883
-6.44005 106.74875
-6.44005 106.74873
-6.44004 106.74873
-6.44004 106.74861
-6.44003 106.74859
-6.44003 106.74857
-6.44001 106.74852
-6.43995 106.74841
-6.43993 106.74839
-6.43991 106.74836
-6.43982 106.74809
-6.43982 106.74808
-6.4398 106.74804
-6.4398 106.74802
-6.43978 106.74801
-6.43975 106.74797
-6.43975 106.74796
-6.43973 106.74794
-6.43971 106.74794
-6.43967 106.74791
-6.4396 106.74795
-6.4391 106.74812
-6.43909 106.74812
-6.43907 106.74813
-6.43899 106.74813
-6.43898 106.74812
-6.43895 106.74812
-6.43894 106.74811
-6.43893 106.74811
-6.4386 106.74791
-6.43859 106.74794
-6.43856 106.74797
-6.43852 106.74799
-6.43851 106.74799
-6.4385 106.748
-6.43848 106.748
-6.43846 106.74801
-6.43845 106.74801
-6.43844 106.74803
-6.43841 106.74805
-6.43839 106.74807
-6.43821 106.74819
-6.43814 106.74821
-6.43804 106.74822
-6.43796 106.74824
-6.4378 106.74826
-6.43757 106.74831
-6.43748 106.74834
-6.43639 106.74852
-6.43626 106.74852
-6.43625 106.74851
-6.43623 106.74851
-6.43621 106.7485
-6.43596 106.74842
-6.43593 106.74842
-6.43584 106.7484
-6.43542 106.7484
-6.43532 106.74843
-6.43531 106.74844
-6.43523 106.74847
-6.4351 106.74854
-6.4349 106.74869
-6.43453 106.74908
-6.43441 106.74918
-6.43424 106.74929
-6.43353 106.74962
-6.43294 106.74983
-6.43211 106.75007
-6.43187 106.75012
-6.43175 106.75013
-6.43126 106.75022
-6.4312 106.75026
-6.43119 106.75027
-6.43116 106.75028
-6.43108 106.75032
-6.43106 106.75034
-6.43102 106.75036
-6.4308 106.75054
-6.43032 106.75098
-6.43015 106.75109
-6.43009 106.75111
-6.43008 106.75112
-6.43002 106.75114
-6.42969 106.75121
-6.42959 106.75124
-6.42955 106.75126
-6.42953 106.75128
-6.42952 106.75128
-6.42951 106.75129
-6.42951 106.7513
-6.4295 106.75132
-6.4295 106.75134
-6.42949 106.75135
-6.4295 106.7514
-6.4295 106.75144
-6.42963 106.75192
-6.42914 106.75203
-6.42888 106.75206
-6.42853 106.75207
-6.42851 106.75208
-6.42836 106.75208
-6.42835 106.75207
-6.42834 106.75207
-6.42825 106.75204
-6.42823 106.75204
-6.42819 106.75203
-6.42814 106.75203
-6.42812 106.75202
-6.4281 106.75203
-6.42794 106.75204
-6.4279 106.75205
-6.42782 106.75205
-6.42764 106.75201
-6.42751 106.75201
-6.42747 106.75202
-6.42741 106.75202
-6.4272 106.75206
-6.42718 106.75206
-6.42714 106.75208
-6.42712 106.75208
-6.42699 106.75215
-6.42698 106.75216
-6.42695 106.75217
-6.42694 106.75217
-6.42693 106.75218
-6.4269 106.75219
-6.42688 106.75219
-6.42685 106.7522
-6.42654 106.75221
-6.42644 106.7522
-6.42641 106.75219
-6.42625 106.75216
-6.42607 106.7521
-6.42572 106.75196
-6.42564 106.75194
-6.42556 106.75194
-6.4254 106.75196
-6.42494 106.75208
-6.42469 106.75211
-6.4245 106.75211
-6.42446 106.7521
-6.42443 106.7521
-6.42418 106.75205
-6.42412 106.75205
-6.42409 106.75204
-6.42402 106.75204
-6.424 106.75205
-6.42397 106.75205
-6.42387 106.75208
-6.4237 106.75218
-6.4235 106.75233
-6.42344 106.75236
-6.42334 106.75239
-6.42313 106.75239
-6.423 106.75236
-6.42299 106.75236
-6.42297 106.75235
-6.42292 106.75231
-6.42287 106.75228
-6.4228 106.75225
-6.42271 106.7522
-6.42265 106.75218
-6.42248 106.75217
-6.42244 106.75216
-6.42239 106.75217
-6.42234 106.75217
-6.42229 106.75218
-6.42225 106.75218
-6.42221 106.75219
-6.42211 106.75223
-6.42209 106.75225
-6.42207 106.75226
-6.42203 106.7523
-6.42196 106.75241
-6.42193 106.75238
-6.42193 106.75239
-6.42191 106.75239
-6.4219 106.7524
-6.42188 106.75241
-6.42059 106.7527
-6.42049 106.75278
-6.41969 106.75285
-6.4194 106.7529
-6.41914 106.75293
-6.41878 106.75304
-6.41877 106.75304
-6.41869 106.75306
-6.41842 106.75309
-6.41798 106.75306
-6.41789 106.7531
-6.41752 106.7534
-6.41736 106.75347
-6.41728 106.75352
-6.41684 106.75368
-6.41653 106.75383
-6.41646 106.75385
-6.41625 106.75394
-6.41624 106.75395
-6.41589 106.75415
-6.41575 106.75421
-6.41557 106.75425
-6.41549 106.75426
-6.41537 106.75426
-6.41521 106.75424
-6.41467 106.75414
-6.41431 106.75409
-6.41399 106.75415
-6.41371 106.75423
-6.41363 106.75426
-6.41357 106.75427
-6.41346 106.75431
-6.41316 106.75439
-6.41282 106.75445
-6.41235 106.75446
-6.41168 106.75444
-6.41151 106.75447
-6.41148 106.75447
-6.41127 106.7545
-6.41121 106.75452
-6.41101 106.75461
-6.40992 106.75521
-6.4094 106.75534
-6.40755 106.75559
-6.40752 106.75573
-6.40749 106.75582
-6.40745 106.75591
-6.40733 106.75609
-6.40678 106.75654
-6.40663 106.75664
-6.40645 106.7568
-6.40602 106.75714
-6.40576 106.75739
-6.40574 106.75745
-6.40572 106.75749
-6.40572 106.75793
-6.40571 106.75798
-6.40564 106.75815
-6.40545 106.75852
-6.40543 106.75865
-6.40543 106.75873
-6.40546 106.75892
-6.40558 106.75936
-6.40576 106.75983
-6.40579 106.75988
-6.40585 106.76002
-6.40589 106.76015
-6.4059 106.76042
-6.40588 106.76067
-6.40583 106.76085
-6.40582 106.76091
-6.40563 106.76134
-6.40535 106.76214
-6.40531 106.76229
-6.40531 106.76236
-6.40518 106.76325
-6.40506 106.76369
-6.40499 106.76389
-6.40492 106.76405
-6.40475 106.76437
-6.40473 106.76442
-6.40459 106.76468
-6.40452 106.76479
-6.40431 106.76506
-6.40387 106.76556
-6.40373 106.76574
-6.40359 106.76597
-6.40352 106.76612
-6.40351 106.76616
-6.40349 106.76621
-6.40349 106.76625
-6.40348 106.7663
-6.40352 106.76662
-6.40353 106.76684
-6.40351 106.76695
-6.40346 106.7671
-6.40331 106.76746
-6.40328 106.76759
-6.40329 106.76792
-6.40331 106.76803
-6.40332 106.76823
-6.40347 106.7697
-6.40347 106.76994
-6.40345 106.7701
-6.40342 106.77021
-6.40327 106.77052
-6.40319 106.77062
-6.40307 106.77071
-6.4029 106.77078
-6.40283 106.7708
-6.40216 106.77109
-6.40165 106.77135
-6.40111 106.77159
-6.40095 106.77164
-6.40062 106.77169
-6.40044 106.7717
-6.39911 106.77169
-6.39794 106.77172
-6.39777 106.77171
-6.39695 106.77172
-6.39684 106.77173
-6.39655 106.7718
-6.39637 106.7719
-6.39606 106.77214
-6.39601 106.77217
-6.39581 106.77232
-6.39571 106.77238
-6.39546 106.77258
-6.39538 106.77262
-6.39528 106.77265
-6.39479 106.77275
-6.39476 106.77276
-6.39468 106.77281
-6.39462 106.77286
-6.39472 106.7731
-6.39515 106.77393
-6.39537 106.77416
-6.39611 106.77553
-6.39615 106.77563
-6.39616 106.77564
-6.39613 106.77569
-6.39613 106.77571
-6.39612 106.77574
-6.39608 106.77677
-6.396 106.77749
-6.396 106.77756
-6.39601 106.77764
-6.39601 106.77806
-6.39593 106.77929
-6.39582 106.78028
-6.39574 106.78156
-6.39561 106.78235
-6.39506 106.78464
-6.3949 106.78514
-6.39408 106.78733
-6.39394 106.78781
-6.39388 106.7882
-6.39388 106.78833
-6.39394 106.78852
-6.39398 106.7886
-6.39417 106.78889
-6.3942 106.78899
-6.3942 106.78904
-6.39421 106.78911
-6.39421 106.78935
-6.39416 106.79012
-6.39422 106.7915
-6.39442 106.79329
-6.3945 106.79373
-6.3946 106.7948
-6.39461 106.79481
-6.39463 106.79507
-6.39475 106.79604
-6.39493 106.79719
-6.39496 106.79752
-6.39502 106.79956
-6.39501 106.7998
-6.39498 106.80003
-6.39455 106.80134
-6.39455 106.80152
-6.39465 106.80212
-6.39468 106.80244
-6.39469 106.80247
-6.39472 106.80253
-6.39473 106.80254
-6.39474 106.80256
-6.39479 106.80259
-6.39484 106.8026
-6.39521 106.80272
-6.39545 106.80284
-6.39552 106.80289
-6.39562 106.80301
-6.3957 106.80319
-6.39573 106.80328
-6.39605 106.80397
-6.39628 106.80453
-6.39646 106.80492
-6.3971 106.80611
-6.3971 106.80613
-6.39712 106.80617
-6.39717 106.80631
-6.39719 106.80641
-6.39723 106.80654
-6.39744 106.80753
-6.39749 106.80787
-6.39757 106.80822
-6.39759 106.80828
-6.39763 106.80846
-6.39774 106.80879
-6.39797 106.80937
-6.39807 106.80967
-6.39829 106.81045
-6.39915 106.81308
-6.39915 106.81319
-6.39909 106.81336
-6.39903 106.81343
-6.39901 106.81344
-6.3994 106.81474
-6.39953 106.81531
-6.39959 106.81568
-6.3996 106.8157
-6.39972 106.81804
-6.39971 106.8183
-6.39974 106.81868
-6.39975 106.8187
-6.39975 106.81871
-6.39978 106.81877
-6.39987 106.8189
-6.39993 106.81897
-6.39924 106.81962
-6.3987 106.82002
-6.39805 106.82043
-6.39649 106.82122
-6.39637 106.82129
-6.39626 106.82134
-6.39595 106.82152
-6.39588 106.82157
-6.39586 106.82159
-6.39579 106.82164
-6.39575 106.82168
-6.39571 106.82171
-6.39563 106.82179
-6.3956 106.82183
-6.3947 106.82278
-6.3946 106.82287
-6.39443 106.82306
-6.3942 106.82328
-6.39408 106.82338
-6.39398 106.82345
-6.39368 106.82363
-6.39264 106.82419
-6.39223 106.82438
-6.39216 106.82445
-6.39165 106.82471
