-6.39165 106.82471
-6.39157 106.82475
-6.39122 106.82494
-6.39091 106.8251
-6.3905 106.82532
-6.39035 106.8254
-6.3903 106.82538
-6.39029 106.82538
-6.39028 106.82537
-6.39026 106.82536
-6.39024 106.82535
-6.39023 106.82534
-6.3902 106.82532
-6.39016 106.82528
-6.39017 106.82483
-6.39017 106.82463
-6.39018 106.82438
-6.3902 106.82378
-6.39024 106.82271
-6.39024 106.82258
-6.39024 106.82249
-6.39024 106.82244
-6.39024 106.82242
-6.39022 106.82233
-6.3902 106.82225
-6.39018 106.82219
-6.39016 106.82208
-6.39015 106.82197
-6.39014 106.82192
-6.39014 106.82188
-6.39013 106.82183
-6.39012 106.82177
-6.39001 106.82129
-6.38992 106.821
-6.38989 106.82093
-6.38981 106.82086
-6.38917 106.81954
-6.38911 106.8194
-6.389 106.81913
-6.38892 106.81835
-6.38889 106.81817
-6.38888 106.818
-6.38887 106.81789
-6.38887 106.8178
-6.38887 106.81772
-6.38888 106.81758
-6.38891 106.81704
-6.38894 106.81665
-6.38897 106.81638
-6.38898 106.81629
-6.38901 106.81582
-6.38901 106.81572
-6.38901 106.81562
-6.38901 106.81553
-6.389 106.81544
-6.38898 106.81531
-6.38895 106.8151
-6.38889 106.8147
-6.38888 106.81461
-6.38888 106.81455
-6.38885 106.81421
-6.38878 106.81419
-6.38842 106.81414
-6.38826 106.81412
-6.38771 106.81406
-6.38764 106.81406
-6.387 106.81426
-6.38634 106.81446
-6.38621 106.8145
-6.38561 106.81468
-6.38542 106.81473
-6.38494 106.81488
-6.38492 106.81489
-6.3849 106.81489
-6.38488 106.81489
-6.38485 106.81489
-6.38483 106.81488
-6.38479 106.81488
-6.38477 106.81486
-6.38474 106.81485
-6.38471 106.81483
-6.38466 106.8148
-6.38416 106.81444
-6.38408 106.81439
-6.38402 106.81436
-6.38396 106.81433
-6.38391 106.81432
-6.38387 106.8143
-6.38378 106.81428
-6.38334 106.81424
-6.3822 106.81413
-6.3821 106.81412
-6.38211 106.81418
-6.3821 106.81423
-6.38207 106.81456
-6.38189 106.81451
-6.38164 106.81445
-6.38159 106.81443
-6.38156 106.81442
-6.38154 106.81441
-6.38152 106.8144
-6.38149 106.81437
-6.38147 106.81435
-6.38145 106.81433
-6.38142 106.81431
-6.38132 106.8142
-6.38126 106.81414
-6.38121 106.81409
-6.38118 106.81406
-6.38103 106.81395
-6.38096 106.8139
-6.38085 106.81384
-6.38077 106.81381
-6.38069 106.81379
-6.3806 106.81377
-6.38053 106.81376
-6.3805 106.81376
-6.38026 106.81374
-6.38016 106.81373
-6.37978 106.81372
-6.37968 106.81372
-6.37944 106.81373
-6.37943 106.81373
-6.37926 106.81373
-6.37886 106.81372
-6.37833 106.81368
-6.37826 106.81368
-6.37804 106.81366
-6.37793 106.81365
-6.37773 106.81366
-6.37761 106.81366
-6.37709 106.81374
-6.37674 106.81381
-6.37668 106.81381
-6.37631 106.81386
-6.37613 106.81382
-6.37586 106.81371
-6.37574 106.81365
-6.37548 106.81357
-6.37542 106.81356
-6.37526 106.81353
-6.37518 106.81352
-6.3751 106.8135
-6.37502 106.81347
-6.375 106.81347
-6.37499 106.81346
-6.37498 106.81344
-6.37497 106.81343
-6.37486 106.8132
-6.37484 106.81316
-6.37483 106.81315
-6.37481 106.81314
-6.37479 106.81313
-6.37476 106.81312
-6.37473 106.81311
-6.3747 106.81311
-6.37455 106.81313
-6.3747 106.81311
-6.37473 106.81311
-6.37476 106.81312
-6.37479 106.81313
-6.37481 106.81314
-6.37483 106.81315
-6.37484 106.81316
-6.37486 106.8132
-6.37497 106.81343
-6.37498 106.81344
-6.37499 106.81346
-6.375 106.81347
-6.37502 106.81347
-6.3751 106.8135
-6.37518 106.81352
-6.37526 106.81353
-6.37542 106.81356
-6.37548 106.81357
-6.37574 106.81365
-6.37586 106.81371
-6.37613 106.81382
-6.37631 106.81386
-6.37668 106.81381
-6.37674 106.81381
-6.37709 106.81374
-6.37761 106.81366
-6.37773 106.81366
-6.37793 106.81365
-6.37804 106.81366
-6.37826 106.81368
-6.37833 106.81368
-6.37886 106.81372
-6.37926 106.81373
-6.37943 106.81373
-6.37944 106.81373
-6.37968 106.81372
-6.37978 106.81372
-6.38016 106.81373
-6.38026 106.81374
-6.3805 106.81376
-6.38053 106.81376
-6.3806 106.81377
-6.38069 106.81379
-6.38077 106.81381
-6.38085 106.81384
-6.38096 106.8139
-6.38103 106.81395
-6.38118 106.81406
-6.38121 106.81409
-6.38126 106.81414
-6.38132 106.8142
-6.38142 106.81431
-6.38145 106.81433
-6.38147 106.81435
-6.38149 106.81437
-6.38152 106.8144
-6.38154 106.81441
-6.38156 106.81442
-6.38159 106.81443
-6.38164 106.81445
-6.38189 106.81451
-6.38207 106.81456
-6.3821 106.81423
-6.38211 106.81418
-6.3821 106.81412
-6.3822 106.81413
-6.38334 106.81424
-6.38378 106.81428
-6.38387 106.8143
-6.38391 106.81432
-6.38396 106.81433
-6.38402 106.81436
-6.38408 106.81439
-6.38416 106.81444
-6.38466 106.8148
-6.38471 106.81483
-6.38474 106.81485
-6.38477 106.81486
-6.38479 106.81488
-6.38483 106.81488
-6.38485 106.81489
-6.38488 106.81489
-6.3849 106.81489
-6.38492 106.81489
-6.38494 106.81488
-6.38542 106.81473
-6.38561 106.81468
-6.38621 106.8145
-6.38634 106.81446
-6.387 106.81426
-6.38764 106.81406
-6.38771 106.81406
-6.38826 106.81412
-6.38842 106.81414
-6.38878 106.81419
-6.38879 106.81455
-6.38879 106.81461
-6.3888 106.8147
-6.38887 106.81532
-6.38889 106.81544
-6.38889 106.81553
-6.3889 106.81562
-6.38889 106.81571
-6.38889 106.81572
-6.38888 106.81628
-6.38886 106.81657
-6.38883 106.81701
-6.38879 106.81758
-6.38879 106.8177
-6.38879 106.81781
-6.38879 106.81789
-6.3888 106.81797
-6.3888 106.81803
-6.38881 106.81809
-6.38882 106.81818
-6.38884 106.81836
-6.38887 106.81863
-6.38889 106.8188
-6.38892 106.81895
-6.38893 106.81904
-6.38894 106.81906
-6.38901 106.81924
-6.38909 106.81943
-6.38918 106.8196
-6.38981 106.82091
-6.38988 106.82095
-6.38989 106.82099
-6.38994 106.82122
-6.38997 106.8214
-6.38999 106.82151
-6.39001 106.82164
-6.39002 106.8217
-6.39002 106.82178
-6.39003 106.82183
-6.39004 106.82185
-6.39005 106.82188
-6.39007 106.82197
-6.39009 106.82209
-6.39012 106.8222
-6.39013 106.82226
-6.39017 106.82243
-6.39017 106.82249
-6.39017 106.82256
-6.39017 106.82258
-6.39017 106.82271
-6.39017 106.82291
-6.39015 106.82314
-6.39013 106.82352
-6.3901 106.82428
-6.39009 106.82463
-6.39007 106.82522
-6.39007 106.82544
-6.39007 106.82545
-6.39007 106.82546
-6.39007 106.82549
-6.39012 106.82561
-6.39017 106.82558
-6.39019 106.82558
-6.39036 106.8255
-6.39063 106.82537
-6.39076 106.8253
-6.39098 106.82518
-6.3914 106.82496
-6.39145 106.82494
-6.39153 106.82489
-6.39161 106.82484
-6.39162 106.82484
-6.39219 106.82451
-6.39228 106.82446
-6.3926 106.82433
-6.39276 106.82422
-6.39315 106.82406
-6.39382 106.82369
-6.39383 106.82368
-6.39392 106.82362
-6.39401 106.82357
-6.39416 106.82346
-6.39421 106.82342
-6.39422 106.82342
-6.39427 106.82338
-6.39443 106.82324
-6.39451 106.82317
-6.39467 106.82301
-6.39476 106.82291
-6.39536 106.82226
-6.39572 106.82189
-6.39572 106.82188
-6.39583 106.82179
-6.39587 106.82176
-6.39594 106.82171
-6.39598 106.82168
-6.39602 106.82166
-6.39622 106.82151
-6.39615 106.8214
-6.39612 106.82142
-6.39595 106.82152
-6.39588 106.82157
-6.39586 106.82159
-6.39583 106.82161
-6.39579 106.82164
-6.39575 106.82168
-6.39571 106.82171
-6.39565 106.82177
-6.39563 106.82179
-6.3956 106.82183
-6.3947 106.82278
-6.3946 106.82287
-6.39443 106.82306
-6.3942 106.82328
-6.39414 106.82333
-6.39408 106.82338
-6.39398 106.82345
-6.39387 106.82351
-6.39376 106.82358
-6.39368 106.82363
-6.39345 106.82376
-6.39326 106.82386
-6.39315 106.82392
-6.39264 106.82419
-6.39223 106.82438
-6.39216 106.82445
-6.39191 106.82458
-6.39172 106.82468
-6.39165 106.82471
