-6.30975 106.88198
-6.30973 106.88196
-6.30968 106.88191
-6.30955 106.88174
-6.3095 106.88166
-6.30945 106.8816
-6.3094 106.88158
-6.30934 106.88156
-6.30926 106.88153
-6.30918 106.88151
-6.30901 106.88145
-6.30891 106.88141
-6.3088 106.88137
-6.30859 106.88126
-6.30815 106.88108
-6.30807 106.88104
-6.30794 106.88098
-6.30775 106.88088
-6.30769 106.88084
-6.30761 106.88078
-6.30754 106.88072
-6.30746 106.88064
-6.30735 106.88052
-6.30725 106.88041
-6.30703 106.88014
-6.307 106.88011
-6.30689 106.87997
-6.30675 106.87977
-6.30684 106.8794
-6.30689 106.87917
-6.30697 106.87891
-6.30701 106.87878
-6.30708 106.87853
-6.30712 106.87837
-6.30717 106.87824
-6.30721 106.87812
-6.30725 106.87796
-6.30735 106.87758
-6.30747 106.87713
-6.30759 106.87658
-6.30763 106.87642
-6.30778 106.87576
-6.30787 106.8754
-6.30799 106.87496
-6.30802 106.87483
-6.30814 106.87434
-6.30811 106.87429
-6.30807 106.87424
-6.30805 106.87421
-6.30802 106.87419
-6.30799 106.87418
-6.30796 106.87417
-6.30792 106.87416
-6.30789 106.87416
-6.30786 106.87417
-6.30782 106.87418
-6.30778 106.87421
-6.30772 106.87424
-6.30751 106.87503
-6.30731 106.87573
-6.3072 106.87608
-6.30703 106.87675
-6.30682 106.87751
-6.30671 106.87793
-6.30658 106.87855
-6.30658 106.87859
-6.30655 106.87874
-6.30647 106.87907
-6.30618 106.87979
-6.30615 106.87988
-6.30612 106.87997
-6.30606 106.88022
-6.30605 106.88024
-6.30597 106.88059
-6.30591 106.88079
-6.30588 106.88092
-6.30585 106.88106
-6.3058 106.88126
-6.30579 106.88132
-6.30577 106.88146
-6.30576 106.8815
-6.30572 106.88173
-6.3057 106.88189
-6.30566 106.88226
-6.30564 106.88272
-6.30563 106.8829
-6.30563 106.88293
-6.30561 106.88361
-6.30561 106.8837
-6.30561 106.88371
-6.30561 106.88372
-6.3056 106.88394
-6.3056 106.884
-6.3056 106.88404
-6.3056 106.88421
-6.3056 106.88423
-6.30559 106.88442
-6.30559 106.88444
-6.30559 106.88452
-6.30559 106.88454
-6.30558 106.88483
-6.30558 106.88496
-6.30558 106.88508
-6.30552 106.88523
-6.30548 106.88536
-6.30541 106.88547
-6.30536 106.88555
-6.3053 106.88561
-6.30525 106.88565
-6.3052 106.88568
-6.30514 106.88571
-6.30508 106.88573
-6.30502 106.88574
-6.30494 106.88575
-6.30489 106.88575
-6.30481 106.88574
-6.30475 106.88572
-6.30468 106.88569
-6.30461 106.88566
-6.30456 106.88562
-6.30449 106.88556
-6.30443 106.88547
-6.30439 106.88541
-6.30437 106.88533
-6.30435 106.88526
-6.30435 106.88519
-6.30435 106.88513
-6.30436 106.88507
-6.30437 106.885
-6.3044 106.88492
-6.30442 106.88487
-6.30446 106.88481
-6.30451 106.88474
-6.30457 106.88468
-6.30462 106.88463
-6.30466 106.8846
-6.30471 106.88458
-6.30474 106.88456
-6.30479 106.88454
-6.30487 106.88451
-6.30494 106.8845
-6.305 106.88449
-6.30507 106.88449
-6.30515 106.88449
-6.30526 106.8845
-6.30536 106.88452
-6.30546 106.88454
-6.30562 106.88458
-6.30588 106.88466
-6.30632 106.88476
-6.30665 106.88484
-6.30688 106.88488
-6.30703 106.8849
-6.30714 106.88492
-6.30724 106.88493
-6.30739 106.88495
-6.30748 106.88495
-6.30755 106.88494
-6.30759 106.88494
-6.30765 106.88493
-6.30793 106.88498
-6.30906 106.88511
-6.30953 106.88518
-6.30971 106.8852
-6.30979 106.88521
-6.30987 106.88521
-6.30995 106.88519
-6.31023 106.88525
-6.31036 106.88529
-6.31049 106.88531
-6.31056 106.88532
-6.31064 106.88533
-6.31113 106.88544
-6.31248 106.88579
-6.31329 106.88596
-6.31389 106.88608
-6.31443 106.88617
-6.31538 106.88639
-6.31634 106.88659
-6.31752 106.88678
-6.31809 106.88686
-6.31857 106.88692
-6.31891 106.88695
-6.31957 106.88698
-6.32095 106.88702
-6.32194 106.88703
-6.32311 106.88704
-6.32553 106.88711
-6.32729 106.88713
-6.32863 106.88717
-6.32924 106.88717
-6.32992 106.88721
-6.33034 106.88724
-6.33077 106.88728
-6.33166 106.88738
-6.33168 106.88739
-6.33174 106.8874
-6.33176 106.8874
-6.3318 106.88741
-6.33181 106.88741
-6.33237 106.88751
-6.33339 106.88771
-6.33412 106.88785
-6.33508 106.88804
-6.33658 106.88832
-6.33661 106.88832
-6.33769 106.88855
-6.33791 106.88859
-6.33912 106.88883
-6.34115 106.8892
-6.34334 106.88963
-6.34375 106.88974
-6.34392 106.88979
-6.3447 106.88996
-6.34651 106.89033
-6.3474 106.89055
-6.34961 106.89117
-6.35122 106.89162
-6.3513 106.89164
-6.35131 106.89164
-6.35139 106.89166
-6.35516 106.8927
-6.35573 106.89285
-6.35621 106.89296
-6.35658 106.89304
-6.35706 106.89313
-6.3576 106.89324
-6.35821 106.89334
-6.35828 106.89335
-6.35885 106.89345
-6.35955 106.89357
-6.36019 106.89368
-6.36083 106.89379
-6.36211 106.89403
-6.36253 106.89411
-6.36293 106.89417
-6.36304 106.89419
-6.36465 106.89448
-6.36676 106.89488
-6.36764 106.89507
-6.36791 106.89513
-6.36799 106.89515
-6.36803 106.89516
-6.36816 106.8952
-6.36819 106.8952
-6.36846 106.89528
-6.36873 106.89534
-6.37068 106.89566
-6.37069 106.89567
-6.37102 106.89573
-6.37154 106.89577
-6.37172 106.89579
-6.37175 106.89579
-6.37438 106.89625
-6.37458 106.89627
-6.37504 106.89632
-6.37531 106.89635
-6.37583 106.89639
-6.3763 106.89641
-6.37685 106.89642
-6.37706 106.89642
-6.37764 106.89641
-6.37856 106.89634
-6.37876 106.89632
-6.38142 106.89617
-6.38151 106.89617
-6.38153 106.89617
-6.38165 106.89617
-6.38174 106.89616
-6.38212 106.89611
-6.38257 106.89605
-6.38349 106.896
-6.38403 106.89596
-6.38558 106.89587
-6.38578 106.89585
-6.38597 106.89584
-6.38683 106.89579
-6.38757 106.89574
-6.38806 106.89572
-6.38878 106.89567
-6.38924 106.89564
-6.38946 106.89563
-6.38994 106.89562
-6.39003 106.89563
-6.39082 106.89566
-6.39105 106.89567
-6.39137 106.89569
-6.39206 106.89577
-6.3929 106.8959
-6.39365 106.89604
-6.39519 106.89639
-6.39587 106.89654
-6.39669 106.89673
-6.39679 106.89675
-6.39687 106.89677
-6.39691 106.89678
-6.39695 106.89679
-6.3979 106.89702
-6.39894 106.89726
-6.39903 106.89728
-6.40009 106.89761
-6.40069 106.89775
-6.40147 106.89794
-6.40223 106.89811
-6.4029 106.89826
-6.40357 106.89837
-6.40437 106.89848
-6.40509 106.89856
-6.40563 106.8986
-6.40618 106.89862
-6.40638 106.89863
-6.40649 106.89863
-6.4066 106.89863
-6.40705 106.89863
-6.40756 106.89861
-6.40785 106.8986
-6.40847 106.89855
-6.40904 106.8985
-6.40992 106.89842
-6.41059 106.89836
-6.41141 106.89827
-6.41213 106.8982
-6.41302 106.89811
-6.41433 106.89799
-6.415 106.89792
-6.41511 106.89791
-6.41521 106.8979
-6.41607 106.8978
-6.41655 106.89775
-6.41694 106.89772
-6.41936 106.89749
-6.41986 106.89744
-6.42051 106.89737
-6.42188 106.89724
-6.42291 106.89713
-6.42366 106.89706
-6.42476 106.89692
-6.42535 106.89683
-6.42586 106.89673
-6.42657 106.89655
-6.42709 106.89642
-6.42777 106.89621
-6.42989 106.89551
-6.43179 106.89489
-6.43211 106.89478
-6.43365 106.89443
-6.43398 106.89438
-6.43483 106.89423
-6.43501 106.8942
-6.43627 106.89399
-6.43655 106.89394
-6.43658 106.89393
-6.43708 106.89385
-6.43738 106.8938
-6.43779 106.89372
-6.43926 106.89347
-6.44013 106.89333
-6.44278 106.89279
-6.44329 106.89269
-6.44342 106.89267
-6.44351 106.89264
-6.44378 106.8926
-6.4446 106.89247
-6.44545 106.89233
-6.44609 106.89221
-6.44665 106.89207
-6.44702 106.89196
-6.44743 106.89183
-6.44804 106.89159
-6.44853 106.89137
-6.44887 106.89122
-6.44915 106.89108
-6.45091 106.89018
-6.45101 106.89012
-6.45104 106.89011
-6.45113 106.89006
-6.45114 106.89005
-6.45121 106.89001
-6.45128 106.88998
-6.45369 106.88876
-6.45395 106.88863
-6.45468 106.88827
-6.455 106.88811
-6.45872 106.88621
-6.45883 106.88615
-6.45888 106.88613
-6.45891 106.88611
-6.46034 106.88537
-6.46098 106.88507
-6.46178 106.88468
-6.46211 106.88451
-6.46244 106.88433
-6.47019 106.88042
-6.4816 106.87464
-6.4818 106.87463
-6.48185 106.87462
-6.48221 106.87447
-6.48223 106.87446
-6.48256 106.87431
-6.4831 106.87406
-6.48385 106.87381
-6.48442 106.87361
-6.48462 106.87355
-6.48501 106.87339
-6.48522 106.8733
-6.4853 106.87339
-6.48536 106.87357
-6.48545 106.87382
-6.48565 106.87442
-6.48575 106.87469
-6.48578 106.87479
-6.48585 106.87502
-6.48596 106.87535
-6.48604 106.87559
-6.48609 106.87574
-6.48618 106.87598
-6.4862 106.87603
-6.48628 106.87624
-6.4863 106.87631
-6.48635 106.87645
-6.48646 106.87672
-6.48663 106.87717
-6.48665 106.87721
-6.48705 106.87827
-6.48734 106.87907
-6.48759 106.87974
-6.48763 106.87983
-6.48792 106.8807
-6.48824 106.88165
-6.48877 106.88151
-6.48911 106.88141
-6.48912 106.88141
-6.48965 106.88127
-6.48987 106.88121
-6.49004 106.88116
-6.49027 106.88109
-6.4905 106.88102
-6.49063 106.88098
-6.491 106.88086
-6.49101 106.88086
-6.49111 106.88081
-6.49121 106.88075
-6.49129 106.8807
-6.49133 106.88065
-6.49139 106.88054
-6.49157 106.88059
-6.49161 106.88061
-6.49164 106.88061
-6.49167 106.88061
-6.49169 106.88061
-6.49172 106.8806
-6.49175 106.88059
-6.49188 106.88056
-6.49204 106.88053
-6.49234 106.88049
-6.49235 106.88049
-6.4924 106.88076
-6.49242 106.88087
-6.49243 106.8809
-6.49244 106.88094
-6.49246 106.88096
-6.49247 106.88098
-6.49249 106.881
-6.4925 106.88101
-6.49252 106.88102
-6.49253 106.88103
-6.49255 106.88104
-6.49273 106.88104
-6.49306 106.88101
-6.49308 106.88101
-6.49316 106.881
-6.49329 106.88099
-6.49331 106.881
-6.49329 106.88099
-6.49316 106.881
-6.49308 106.88101
-6.49306 106.88101
-6.49273 106.88104
-6.49255 106.88104
-6.49253 106.88103
-6.49252 106.88102
-6.4925 106.88101
-6.49249 106.881
-6.49247 106.88098
-6.49246 106.88096
-6.49244 106.88094
-6.49243 106.8809
-6.49242 106.88087
-6.4924 106.88076
-6.49235 106.88049
-6.49234 106.88049
-6.49204 106.88053
-6.49188 106.88056
-6.49175 106.88059
-6.49172 106.8806
-6.49169 106.88061
-6.49167 106.88061
-6.49164 106.88061
-6.49161 106.88061
-6.49157 106.88059
-6.49139 106.88054
-6.49133 106.88065
-6.49129 106.8807
-6.49121 106.88075
-6.49111 106.88081
-6.49101 106.88086
-6.491 106.88086
-6.49063 106.88098
-6.4905 106.88102
-6.49027 106.88109
-6.49004 106.88116
-6.48987 106.88121
-6.48965 106.88127
-6.48912 106.88141
-6.48911 106.88141
-6.48877 106.88151
-6.48824 106.88165
-6.48792 106.8807
-6.48763 106.87983
-6.48759 106.87974
-6.48734 106.87907
-6.48705 106.87827
-6.48665 106.87721
-6.48663 106.87717
-6.48646 106.87672
-6.48635 106.87645
-6.4863 106.87631
-6.48628 106.87624
-6.4862 106.87603
-6.48618 106.87598
-6.48609 106.87574
-6.48604 106.87559
-6.48596 106.87535
-6.48585 106.87502
-6.48578 106.87479
-6.48575 106.87469
-6.48565 106.87442
-6.48545 106.87382
-6.48536 106.87357
-6.4853 106.87339
-6.4853 106.87326
-6.48517 106.87287
-6.48508 106.87261
-6.48495 106.87221
-6.48488 106.87224
-6.48477 106.8723
-6.48462 106.8724
-6.48436 106.87258
-6.48385 106.87294
-6.48368 106.87305
-6.48323 106.87332
-6.48321 106.87334
-6.48237 106.87384
-6.48234 106.87386
-6.48225 106.874
-6.48168 106.87431
-6.46351 106.88358
-6.46171 106.88449
-6.46088 106.88489
-6.46025 106.88521
-6.45953 106.88556
-6.45927 106.8857
-6.45861 106.88603
-6.45857 106.88605
-6.45687 106.88694
-6.45462 106.88809
-6.45394 106.88846
-6.45374 106.88855
-6.45347 106.88869
-6.4534 106.88871
-6.45287 106.88899
-6.45118 106.88984
-6.45106 106.88991
-6.45096 106.88996
-6.45084 106.89003
-6.4491 106.89091
-6.44883 106.89105
-6.44851 106.89121
-6.44796 106.89145
-6.44736 106.89166
-6.44677 106.89186
-6.44637 106.89196
-6.44558 106.89212
-6.4446 106.89227
-6.44349 106.89244
-6.44338 106.89247
-6.44326 106.89249
-6.4431 106.89253
-6.44131 106.89286
-6.44012 106.89307
-6.43918 106.89323
-6.43766 106.8935
-6.43731 106.89356
-6.43722 106.89358
-6.43695 106.89362
-6.43645 106.89372
-6.43642 106.89372
-6.43615 106.89377
-6.43498 106.89397
-6.43479 106.894
-6.43393 106.89415
-6.43344 106.89424
-6.43282 106.89437
-6.43182 106.89462
-6.43058 106.89501
-6.42979 106.89527
-6.4277 106.89596
-6.42703 106.89616
-6.42651 106.89629
-6.42651 106.8963
-6.42582 106.89646
-6.42531 106.89657
-6.42472 106.89666
-6.42363 106.8968
-6.4229 106.89688
-6.42185 106.89697
-6.42048 106.8971
-6.41982 106.89718
-6.41935 106.89722
-6.4174 106.8974
-6.41732 106.89741
-6.41706 106.89743
-6.41659 106.89746
-6.41616 106.89749
-6.41562 106.89752
-6.41525 106.89755
-6.41514 106.89755
-6.41504 106.89756
-6.41377 106.89768
-6.41349 106.89771
-6.41337 106.89772
-6.41327 106.89772
-6.41307 106.89772
-6.41259 106.8977
-6.41225 106.89769
-6.41182 106.8977
-6.41148 106.89773
-6.41085 106.89778
-6.4108 106.89778
-6.41057 106.8978
-6.41022 106.89782
-6.40984 106.89785
-6.40923 106.8979
-6.40886 106.89793
-6.40864 106.89795
-6.40854 106.89796
-6.40844 106.89797
-6.40833 106.89799
-6.4082 106.898
-6.40807 106.89803
-6.40799 106.89805
-6.40792 106.89807
-6.40784 106.89809
-6.40773 106.89812
-6.40719 106.89825
-6.40688 106.89832
-6.40678 106.89834
-6.40675 106.89834
-6.40671 106.89835
-6.40666 106.89835
-6.40659 106.89835
-6.40648 106.89835
-6.40636 106.89835
-6.40566 106.89832
-6.40467 106.89826
-6.4043 106.89823
-6.40385 106.89818
-6.40359 106.89814
-6.4034 106.89811
-6.40292 106.89803
-6.4026 106.89797
-6.40235 106.89792
-6.40205 106.89784
-6.40159 106.89771
-6.40112 106.89761
-6.40064 106.89752
-6.40017 106.8974
-6.39954 106.89724
-6.39903 106.89713
-6.39841 106.89699
-6.39747 106.89675
-6.39696 106.89663
-6.39689 106.89662
-6.39682 106.8966
-6.39637 106.8965
-6.39527 106.89623
-6.3944 106.89604
-6.39347 106.89584
-6.39292 106.89574
-6.39254 106.89567
-6.39247 106.89567
-6.39206 106.89561
-6.39162 106.89556
-6.39106 106.89552
-6.39099 106.89551
-6.39047 106.89548
-6.39006 106.89547
-6.3899 106.89547
-6.38981 106.89547
-6.38926 106.89548
-6.38898 106.8955
-6.38862 106.8955
-6.38735 106.89561
-6.38702 106.89563
-6.38594 106.89569
-6.38575 106.8957
-6.38557 106.89572
-6.38497 106.89575
-6.3832 106.89587
-6.38212 106.89595
-6.38164 106.89597
-6.38153 106.89598
-6.38142 106.89598
-6.38133 106.89599
-6.38071 106.89604
-6.38012 106.89608
-6.37976 106.8961
-6.3788 106.89617
-6.37856 106.89619
-6.37769 106.89623
-6.37639 106.89625
-6.37616 106.89624
-6.37549 106.89618
-6.37498 106.89613
-6.37469 106.89612
-6.3742 106.89607
-6.37348 106.89596
-6.37287 106.89585
-6.37215 106.89572
-6.37167 106.89563
-6.37138 106.89557
-6.37137 106.89557
-6.37107 106.89551
-6.36824 106.89502
-6.36819 106.89501
-6.36807 106.89498
-6.36802 106.89498
-6.36794 106.89496
-6.36561 106.89452
-6.36305 106.89403
-6.36264 106.89394
-6.36137 106.89371
-6.36085 106.89363
-6.36036 106.89356
-6.36022 106.89354
-6.35958 106.89342
-6.35889 106.8933
-6.35844 106.89322
-6.35832 106.8932
-6.35822 106.89318
-6.35764 106.89307
-6.3571 106.89296
-6.35662 106.89287
-6.35625 106.89278
-6.35577 106.89266
-6.35531 106.89254
-6.35262 106.89177
-6.35137 106.89144
-6.35135 106.89143
-6.35128 106.89141
-6.34886 106.89072
-6.34695 106.8902
-6.34635 106.89005
-6.34452 106.88968
-6.34382 106.88954
-6.34249 106.88928
-6.34119 106.88903
-6.3401 106.88883
-6.3391 106.88863
-6.33805 106.88844
-6.33674 106.88821
-6.33521 106.88794
-6.33422 106.88774
-6.33348 106.8876
-6.33243 106.88741
-6.33185 106.8873
-6.3318 106.88729
-6.33177 106.88729
-6.33168 106.88727
-6.33167 106.88727
-6.33073 106.88714
-6.3304 106.88711
-6.32991 106.88708
-6.32925 106.88705
-6.32856 106.88704
-6.32743 106.88703
-6.32571 106.88701
-6.32569 106.88697
-6.32566 106.88695
-6.32562 106.88692
-6.32556 106.88691
-6.32543 106.88689
-6.32519 106.88685
-6.32364 106.88681
-6.32227 106.88682
-6.32062 106.88677
-6.31892 106.8867
-6.31805 106.88661
-6.31739 106.88652
-6.31631 106.88632
-6.31506 106.88606
-6.31425 106.88585
-6.31394 106.88577
-6.31284 106.8855
-6.31217 106.88533
-6.31149 106.88516
-6.31121 106.88508
-6.31102 106.88503
-6.31074 106.88489
-6.31052 106.88482
-6.3102 106.88473
-6.30997 106.88471
-6.30995 106.8847
-6.30972 106.88468
-6.30948 106.88463
-6.3094 106.8846
-6.30934 106.88459
-6.30924 106.88457
-6.30915 106.88455
-6.30906 106.88453
-6.30899 106.8845
-6.30892 106.88447
-6.30886 106.88444
-6.3088 106.88441
-6.30874 106.88438
-6.30865 106.88431
-6.30857 106.88425
-6.30851 106.88419
-6.30843 106.88411
-6.30838 106.88405
-6.30831 106.88396
-6.30814 106.8837
-6.30792 106.88339
-6.30774 106.88316
-6.3075 106.88284
-6.30749 106.88282
-6.30747 106.8828
-6.30744 106.88278
-6.30729 106.88256
-6.30692 106.88203
-6.30668 106.88167
-6.30662 106.88157
-6.30656 106.88144
-6.30653 106.88125
-6.30652 106.88106
-6.30652 106.88088
-6.30658 106.8805
-6.30668 106.88045
-6.30674 106.88044
-6.3068 106.88044
-6.30683 106.88045
-6.30687 106.88046
-6.30695 106.8805
-6.30705 106.8806
-6.30707 106.88062
-6.30714 106.88068
-6.30716 106.8807
-6.30724 106.88077
-6.3073 106.88081
-6.3074 106.88088
-6.30751 106.88094
-6.30763 106.88101
-6.30792 106.88116
-6.30827 106.88132
-6.30837 106.88138
-6.30848 106.88143
-6.30861 106.88149
-6.30873 106.88156
-6.30878 106.88161
-6.30881 106.88165
-6.30883 106.88169
-6.30885 106.88173
-6.30886 106.88178
-6.30888 106.88182
-6.30888 106.88188
-6.30889 106.88195
-6.30888 106.88208
-6.30887 106.88219
-6.30886 106.8823
-6.30885 106.88236
-6.30886 106.8824
-6.30887 106.88246
-6.30889 106.88252
-6.30891 106.88256
-6.30893 106.88259
-6.30896 106.88264
-6.309 106.88268
-6.30904 106.88272
-6.30909 106.88275
-6.30914 106.8828
-6.30922 106.88284
-6.30934 106.88292
-6.30939 106.88297
-6.30944 106.883
-6.30947 106.88304
-6.30949 106.88308
-6.30951 106.8831
-6.30952 106.88313
-6.30955 106.88324
-6.30957 106.88331
-6.3096 106.8834
-6.30962 106.88345
-6.30966 106.88353
-6.30969 106.88361
-6.30973 106.88367
-6.30976 106.88373
-6.3098 106.88376
-6.30982 106.88378
-6.30988 106.88381
-6.30994 106.88384
-6.31049 106.88397
-6.31063 106.88402
-6.3108 106.88408
-6.3109 106.88414
-6.31098 106.88419
-6.31105 106.88423
-6.31109 106.88425
-6.31112 106.88426
-6.31115 106.88426
-6.31117 106.88426
-6.31118 106.88426
-6.31119 106.88426
-6.31119 106.88425
-6.3112 106.88425
-6.3112 106.88424
-6.31121 106.88424
-6.31121 106.88422
-6.31122 106.8842
-6.31123 106.88414
-6.31126 106.88374
-6.31126 106.8837
-6.31126 106.88368
-6.31125 106.88366
-6.31124 106.88364
-6.31122 106.88363
-6.3112 106.88362
-6.31118 106.88361
-6.31112 106.8836
-6.31106 106.88359
-6.31098 106.88357
-6.3109 106.88354
-6.31084 106.88351
-6.31079 106.88347
-6.31064 106.8834
-6.31059 106.88337
-6.31051 106.88334
-6.3104 106.88331
-6.31032 106.88328
-6.31023 106.88325
-6.3102 106.88323
-6.31017 106.88321
-6.31015 106.88319
-6.31013 106.88315
-6.31012 106.88313
-6.31011 106.88309
-6.31011 106.88305
-6.31011 106.88301
-6.31011 106.88298
-6.31012 106.88294
-6.31013 106.88291
-6.31015 106.88288
-6.31031 106.88269
-6.31042 106.88257
-6.31043 106.88254
-6.31044 106.88252
-6.31044 106.8825
-6.31044 106.88247
-6.31043 106.88245
-6.31043 106.88242
-6.31036 106.8822
-6.31034 106.88216
-6.31033 106.88214
-6.31032 106.88212
-6.3103 106.88211
-6.31027 106.88209
-6.31023 106.88207
-6.31014 106.88204
-6.31007 106.88201
-6.31 106.88197
-6.30992 106.88192
-6.30985 106.88187
-6.30984 106.88186
