-6.22398 106.8662
-6.22217 106.86569
-6.22212 106.86567
-6.22184 106.8656
-6.22146 106.86548
-6.22137 106.86544
-6.22133 106.86561
-6.22129 106.8662
-6.22125 106.86804
-6.22126 106.86805
-6.22152 106.86803
-6.222 106.86803
-6.22227 106.86805
-6.22279 106.86806
-6.22303 106.86805
-6.22322 106.86802
-6.22354 106.86789
-6.22372 106.86779
-6.22401 106.86766
-6.22402 106.86765
-6.22428 106.86753
-6.22501 106.86715
-6.22516 106.86706
-6.22528 106.86702
-6.22542 106.867
-6.22547 106.867
-6.22595 106.86706
-6.22622 106.86711
-6.22658 106.8672
-6.22675 106.86722
-6.22681 106.86724
-6.22718 106.86728
-6.22979 106.86727
-6.23041 106.86731
-6.23054 106.8673
-6.2319 106.86735
-6.23254 106.8674
-6.23298 106.86747
-6.23437 106.86763
-6.23518 106.8679
-6.23544 106.86801
-6.23622 106.86838
-6.2365 106.86848
-6.23691 106.86869
-6.23738 106.86886
-6.23801 106.86903
-6.23857 106.86916
-6.23941 106.86929
-6.24074 106.86936
-6.24191 106.86932
-6.24227 106.86927
-6.24253 106.86914
-6.24422 106.8687
-6.24422 106.86888
-6.24423 106.86895
-6.24423 106.86899
-6.2444 106.86935
-6.24451 106.86953
-6.24459 106.86964
-6.24472 106.86978
-6.24479 106.86982
-6.24528 106.87029
-6.24545 106.87049
-6.24553 106.87061
-6.24563 106.8708
-6.24576 106.87111
-6.24594 106.87173
-6.24606 106.87228
-6.24616 106.87253
-6.24653 106.87381
-6.24675 106.87429
-6.247 106.87469
-6.24704 106.87473
-6.24711 106.87484
-6.24719 106.87494
-6.24721 106.87495
-6.24721 106.87496
-6.24731 106.87507
-6.24731 106.87508
-6.24782 106.87564
-6.24812 106.876
-6.24824 106.87617
-6.2484 106.87646
-6.24858 106.87694
-6.24858 106.87696
-6.24861 106.87709
-6.24864 106.87732
-6.24862 106.87784
-6.24859 106.87819
-6.24856 106.87836
-6.24829 106.87935
-6.24818 106.87959
-6.24773 106.88033
-6.24772 106.88034
-6.24761 106.88051
-6.24759 106.88055
-6.24759 106.88056
-6.24746 106.88077
-6.24746 106.88079
-6.24731 106.88107
-6.24724 106.8813
-6.24724 106.88132
-6.24723 106.88135
-6.24722 106.88147
-6.24723 106.88204
-6.24725 106.88236
-6.24733 106.88313
-6.24734 106.8839
-6.24737 106.88399
-6.24729 106.88461
-6.24719 106.88505
-6.24706 106.88545
-6.24681 106.88602
-6.24656 106.88647
-6.24603 106.8873
-6.24528 106.88828
-6.24504 106.88866
-6.24502 106.8887
-6.24463 106.88925
-6.24429 106.88981
-6.24419 106.89003
-6.24402 106.89051
-6.24394 106.89082
-6.24383 106.89145
-6.24375 106.89214
-6.24375 106.89276
-6.24379 106.89332
-6.24383 106.89359
-6.24406 106.89444
-6.2442 106.89485
-6.2444 106.89535
-6.24498 106.8964
-6.24528 106.89682
-6.24562 106.89724
-6.24603 106.89768
-6.24659 106.89819
-6.24713 106.89865
-6.24773 106.89907
-6.24927 106.90005
-6.24986 106.90038
-6.25109 106.90112
-6.25197 106.9017
-6.25283 106.90249
-6.25378 106.90358
-6.25426 106.90429
-6.25456 106.90487
-6.25475 106.90533
-6.2552 106.90631
-6.25548 106.9071
-6.25605 106.90838
-6.25653 106.90972
-6.25713 106.91126
-6.2576 106.91266
-6.25804 106.91422
-6.25804 106.91424
-6.25818 106.91496
-6.25825 106.91552
-6.25833 106.91661
-6.25836 106.91793
-6.25833 106.91935
-6.25806 106.92505
-6.25804 106.92522
-6.25669 106.95277
-6.25652 106.95357
-6.25644 106.95426
-6.2564 106.95526
-6.25639 106.9553
-6.25638 106.95554
-6.25634 106.95572
-6.25634 106.95574
-6.25629 106.95588
-6.25617 106.95606
-6.25607 106.95619
-6.25597 106.95628
-6.25569 106.95649
-6.25522 106.95679
-6.25437 106.95725
-6.25428 106.95729
-6.25418 106.95732
-6.25401 106.95739
-6.25383 106.95744
-6.25357 106.95749
-6.25346 106.9575
-6.25315 106.9575
-6.253 106.95748
-6.25277 106.95743
-6.25239 106.9573
-6.25237 106.9573
-6.25235 106.95731
-6.25234 106.95731
-6.2523 106.95733
-6.25106 106.95686
-6.25022 106.95657
-6.24983 106.95641
-6.24963 106.95634
-6.24957 106.95631
-6.24953 106.9563
-6.24952 106.95629
-6.24948 106.95628
-6.24947 106.95627
-6.24779 106.95568
-6.24729 106.95555
-6.24722 106.95548
-6.24716 106.95545
-6.24695 106.95539
-6.24682 106.95537
-6.24486 106.95482
-6.24476 106.95478
-6.24464 106.9547
-6.2441 106.95448
-6.2436 106.95424
-6.24347 106.95425
-6.24341 106.95429
-6.24337 106.95433
-6.24335 106.95437
-6.24334 106.95437
-6.24333 106.95439
-6.24335 106.95444
-6.24337 106.95457
-6.24343 106.95468
-6.24412 106.95499
-6.24462 106.95517
-6.24507 106.95538
-6.24548 106.95555
-6.24551 106.95557
-6.24596 106.95573
-6.24656 106.95588
-6.24757 106.95606
-6.24806 106.9562
-6.24922 106.95666
-6.24926 106.95667
-6.24943 106.95684
-6.24954 106.95702
-6.24953 106.95833
-6.24952 106.95842
-6.24952 106.95868
-6.24939 106.96044
-6.24937 106.96057
-6.2493 106.96279
-6.24928 106.96297
-6.24921 106.96302
-6.24919 106.96305
-6.24912 106.96312
-6.2491 106.96315
-6.24904 106.96336
-6.24902 106.96341
-6.24891 106.96361
-6.24887 106.96372
-6.24883 106.96379
-6.24876 106.96389
-6.24847 106.96416
-6.24816 106.9644
-6.24787 106.9646
-6.24754 106.9648
-6.2474 106.96487
-6.24685 106.96525
-6.24684 106.96526
-6.24584 106.96596
-6.24562 106.96615
-6.24232 106.96849
-6.2423 106.9685
-6.24118 106.96934
-6.24102 106.96941
-6.24036 106.96985
-6.23983 106.97017
-6.23924 106.97051
-6.23894 106.97066
-6.23852 106.9709
-6.23878 106.97137
-6.239 106.97173
-6.23925 106.97194
-6.23935 106.97205
-6.23969 106.97225
-6.24006 106.97296
-6.24013 106.97307
-6.2398 106.97332
-6.23902 106.97396
-6.23851 106.97429
-6.23805 106.97456
-6.23755 106.97489
-6.23773 106.97536
-6.23805 106.9752
-6.23824 106.97559
-6.23805 106.9752
-6.23773 106.97536
-6.23755 106.97489
-6.23805 106.97456
-6.23851 106.97429
-6.23902 106.97396
-6.2398 106.97332
-6.24013 106.97307
-6.24006 106.97296
-6.23969 106.97225
-6.23935 106.97205
-6.23925 106.97194
-6.239 106.97173
-6.23878 106.97137
-6.23852 106.9709
-6.23894 106.97066
-6.23924 106.97051
-6.24036 106.96985
-6.24102 106.96941
-6.24118 106.96934
-6.2423 106.9685
-6.24232 106.96849
-6.24562 106.96615
-6.24584 106.96596
-6.24684 106.96526
-6.24685 106.96525
-6.2474 106.96487
-6.24754 106.9648
-6.24787 106.9646
-6.24816 106.9644
-6.24847 106.96416
-6.24876 106.96389
-6.24883 106.96379
-6.24887 106.96372
-6.24891 106.96361
-6.24902 106.96341
-6.24923 106.96342
-6.24928 106.96341
-6.24934 106.96338
-6.24933 106.96294
-6.24945 106.96062
-6.24957 106.95915
-6.2496 106.95708
-6.24966 106.95614
-6.24886 106.95589
-6.24753 106.95541
-6.24714 106.95529
-6.24464 106.9547
-6.2441 106.95448
-6.2436 106.95424
-6.24347 106.95425
-6.24341 106.95429
-6.24337 106.95433
-6.24335 106.95437
-6.24334 106.95437
-6.24333 106.95439
-6.24335 106.95444
-6.24337 106.95457
-6.24343 106.95468
-6.24412 106.95499
-6.24462 106.95517
-6.24613 106.95559
-6.24737 106.95585
-6.24801 106.95601
-6.24854 106.95618
-6.24875 106.95623
-6.24892 106.95622
-6.25038 106.95675
-6.25045 106.95682
-6.25058 106.9569
-6.25299 106.95791
-6.25416 106.95866
-6.25448 106.95875
-6.25468 106.95875
-6.25484 106.95872
-6.25554 106.95863
-6.25695 106.9584
-6.25709 106.9584
-6.25717 106.95841
-6.25723 106.95843
-6.25732 106.95848
-6.2574 106.95857
-6.25744 106.95863
-6.25748 106.95874
-6.25751 106.9589
-6.25748 106.95908
-6.25746 106.95914
-6.2574 106.95925
-6.25735 106.95932
-6.25731 106.95936
-6.2572 106.95945
-6.25712 106.95949
-6.25705 106.9595
-6.2569 106.9595
-6.25676 106.95946
-6.25672 106.95944
-6.25663 106.95938
-6.25659 106.95933
-6.25654 106.95928
-6.25651 106.95922
-6.25636 106.95881
-6.25649 106.95817
-6.25651 106.95792
-6.25652 106.95787
-6.25653 106.95769
-6.25656 106.95748
-6.25669 106.95583
-6.25714 106.94656
-6.25731 106.9439
-6.25734 106.94282
-6.25738 106.94236
-6.25793 106.93027
-6.25798 106.92965
-6.2582 106.92507
-6.25825 106.92451
-6.25853 106.91905
-6.25854 106.91679
-6.25847 106.91563
-6.2584 106.91509
-6.25823 106.91418
-6.25807 106.91359
-6.25727 106.91118
-6.25555 106.90674
-6.25483 106.90504
-6.25455 106.90449
-6.25417 106.90387
-6.2537 106.90323
-6.25336 106.90282
-6.25294 106.90236
-6.2525 106.90194
-6.25181 106.90139
-6.25099 106.90083
-6.24998 106.90023
-6.24937 106.8999
-6.24866 106.89946
-6.24779 106.89888
-6.24678 106.89812
-6.24619 106.89759
-6.24584 106.89723
-6.24541 106.89668
-6.24507 106.89621
-6.24471 106.8956
-6.24444 106.89503
-6.24444 106.89465
-6.24403 106.89302
-6.24399 106.89266
-6.24399 106.89242
-6.24401 106.89204
-6.24406 106.89174
-6.24425 106.89104
-6.24436 106.89075
-6.24458 106.89039
-6.24462 106.89035
-6.24573 106.88867
-6.246 106.88829
-6.24674 106.88706
-6.247 106.88651
-6.24723 106.88591
-6.2475 106.88505
-6.24762 106.88443
-6.24767 106.88403
-6.24771 106.88351
-6.24779 106.88116
-6.24781 106.88097
-6.24786 106.88074
-6.24823 106.87997
-6.24833 106.87969
-6.24858 106.87884
-6.24868 106.87862
-6.24876 106.87784
-6.24875 106.8773
-6.24871 106.87702
-6.24866 106.87686
-6.24863 106.87673
-6.2485 106.87642
-6.24849 106.87641
-6.24843 106.87629
-6.24835 106.87616
-6.2481 106.87581
-6.24801 106.8757
-6.24733 106.87496
-6.24732 106.87494
-6.24725 106.87486
-6.24724 106.87486
-6.24724 106.87485
-6.24718 106.87478
-6.24715 106.87473
-6.24705 106.87461
-6.24689 106.87433
-6.24671 106.87394
-6.2466 106.87364
-6.2465 106.87327
-6.24606 106.87127
-6.2459 106.87077
-6.24549 106.87
-6.24539 106.86988
-6.2454 106.86983
-6.2454 106.86976
-6.24532 106.86957
-6.2452 106.86918
-6.24512 106.86897
-6.24493 106.86838
-6.24491 106.86823
-6.24486 106.86825
-6.24483 106.86828
-6.2448 106.8683
-6.24452 106.86842
-6.24383 106.86863
-6.2432 106.86878
-6.24249 106.869
-6.24224 106.8691
-6.24097 106.86922
-6.24078 106.86922
-6.23934 106.86913
-6.23806 106.86888
-6.23738 106.8687
-6.23706 106.86859
-6.23655 106.86836
-6.23649 106.86834
-6.23566 106.86794
-6.2352 106.86775
-6.2345 106.86751
-6.23434 106.86748
-6.23183 106.86719
-6.23086 106.86714
-6.2304 106.86715
-6.22993 106.86713
-6.22979 106.86714
-6.22833 106.86712
-6.2278 106.86715
-6.2276 106.86714
-6.22721 106.86715
-6.22679 106.86711
-6.22659 106.86708
-6.22598 106.86692
-6.22556 106.86676
-6.22554 106.86676
-6.22551 106.86674
-6.22439 106.86632
-6.22398 106.8662
