-6.30975 106.88198
-6.30968 106.88191
-6.30955 106.88174
-6.3095 106.88166
-6.30945 106.8816
-6.30926 106.88153
-6.30918 106.88151
-6.3088 106.88137
-6.30859 106.88126
-6.30815 106.88108
-6.30775 106.88088
-6.30761 106.88078
-6.30754 106.88072
-6.30725 106.88041
-6.30703 106.88014
-6.307 106.88011
-6.30675 106.87977
-6.30689 106.87917
-6.30712 106.87837
-6.30721 106.87812
-6.30747 106.87713
-6.30778 106.87576
-6.30814 106.87434
-6.30811 106.87429
-6.30805 106.87421
-6.30802 106.87419
-6.30792 106.87416
-6.30789 106.87416
-6.30782 106.87418
-6.30778 106.87421
-6.30772 106.87424
-6.30731 106.87573
-6.3072 106.87608
-6.30671 106.87793
-6.30658 106.87855
-6.30658 106.87859
-6.30647 106.87907
-6.30618 106.87979
-6.30612 106.87997
-6.30606 106.88022
-6.30605 106.88024
-6.30597 106.88059
-6.30591 106.88079
-6.3058 106.88126
-6.30572 106.88173
-6.30566 106.88226
-6.30558 106.88508
-6.30552 106.88523
-6.30548 106.88536
-6.30536 106.88555
-6.3053 106.88561
-6.30525 106.88565
-6.30514 106.88571
-6.30508 106.88573
-6.30494 106.88575
-6.30489 106.88575
-6.30481 106.88574
-6.30461 106.88566
-6.30449 106.88556
-6.30439 106.88541
-6.30435 106.88526
-6.30435 106.88513
-6.30437 106.885
-6.30442 106.88487
-6.30451 106.88474
-6.30462 106.88463
-6.30466 106.8846
-6.30471 106.88458
-6.30474 106.88456
-6.30487 106.88451
-6.305 106.88449
-6.30515 106.88449
-6.30526 106.8845
-6.30562 106.88458
-6.30588 106.88466
-6.30665 106.88484
-6.30739 106.88495
-6.30748 106.88495
-6.30755 106.88494
-6.30759 106.88494
-6.30765 106.88493
-6.30793 106.88498
-6.30979 106.88521
-6.30987 106.88521
-6.30995 106.88519
-6.31023 106.88525
-6.31036 106.88529
-6.31064 106.88533
-6.31113 106.88544
-6.31248 106.88579
-6.31389 106.88608
-6.31443 106.88617
-6.31634 106.88659
-6.31752 106.88678
-6.31857 106.88692
-6.31891 106.88695
-6.32095 106.88702
-6.32924 106.88717
-6.33034 106.88724
-6.33166 106.88738
-6.33168 106.88739
-6.33174 106.8874
-6.33176 106.8874
-6.33658 106.88832
-6.33661 106.88832
-6.33769 106.88855
-6.34334 106.88963
-6.34392 106.88979
-6.34651 106.89033
-6.3474 106.89055
-6.3513 106.89164
-6.35131 106.89164
-6.35573 106.89285
-6.3576 106.89324
-6.36676 106.89488
-6.36803 106.89516
-6.36816 106.8952
-6.36819 106.8952
-6.36846 106.89528
-6.36873 106.89534
-6.37068 106.89566
-6.37069 106.89567
-6.37102 106.89573
-6.37175 106.89579
-6.37438 106.89625
-6.37583 106.89639
-6.37685 106.89642
-6.37764 106.89641
-6.37876 106.89632
-6.38142 106.89617
-6.38165 106.89617
-6.38257 106.89605
-6.38924 106.89564
-6.38994 106.89562
-6.39003 106.89563
-6.39137 106.89569
-6.39206 106.89577
-6.3929 106.8959
-6.39365 106.89604
-6.39903 106.89728
-6.40009 106.89761
-6.4029 106.89826
-6.40437 106.89848
-6.40509 106.89856
-6.40638 106.89863
-6.40705 106.89863
-6.40785 106.8986
-6.42366 106.89706
-6.42535 106.89683
-6.42586 106.89673
-6.42709 106.89642
-6.43211 106.89478
-6.43365 106.89443
-6.43655 106.89394
-6.43658 106.89393
-6.44013 106.89333
-6.44342 106.89267
-6.44351 106.89264
-6.44609 106.89221
-6.44665 106.89207
-6.44743 106.89183
-6.44804 106.89159
-6.44887 106.89122
-6.45091 106.89018
-6.45101 106.89012
-6.45104 106.89011
-6.45113 106.89006
-6.45114 106.89005
-6.45883 106.88615
-6.45888 106.88613
-6.45891 106.88611
-6.46034 106.88537
-6.46178 106.88468
-6.4816 106.87464
-6.4818 106.87463
-6.48185 106.87462
-6.48221 106.87447
-6.4831 106.87406
-6.48462 106.87355
-6.48522 106.8733
-6.4853 106.87326
-6.48466 106.87134
-6.48454 106.87102
-6.48447 106.87091
-6.48446 106.87088
-6.48439 106.87079
-6.4842 106.87059
-6.48398 106.87046
-6.48388 106.87041
-6.48242 106.86988
-6.48226 106.86981
-6.48199 106.86966
-6.48138 106.86924
-6.48095 106.8689
-6.48092 106.86887
-6.48063 106.86864
-6.48055 106.86856
-6.48051 106.86851
-6.48047 106.86836
-6.48047 106.86832
-6.48048 106.86828
-6.48055 106.86812
-6.48059 106.86806
-6.4808 106.86767
-6.48082 106.86757
-6.48085 106.86747
-6.48084 106.86726
-6.4808 106.86712
-6.48074 106.86698
-6.48067 106.86687
-6.48053 106.86672
-6.48008 106.86618
-6.47996 106.86597
-6.47994 106.86585
-6.47994 106.86569
-6.47995 106.86563
-6.48 106.86546
-6.48009 106.86526
-6.4801 106.86521
-6.48029 106.86478
-6.48039 106.8645
-6.48039 106.86447
-6.48043 106.86426
-6.48042 106.86413
-6.4804 106.864
-6.48035 106.86386
-6.48028 106.86373
-6.48018 106.8636
-6.47998 106.86345
-6.47975 106.86336
-6.47961 106.86335
-6.47766 106.86341
-6.47597 106.8635
-6.4754 106.86351
-6.47502 106.86349
-6.47473 106.86345
-6.47423 106.86335
-6.47421 106.86335
-6.47399 106.86329
-6.47371 106.86318
-6.47274 106.86274
-6.47273 106.86274
-6.47175 106.86225
-6.47173 106.86225
-6.47044 106.86146
-6.47041 106.86145
-6.4703 106.86136
-6.47016 106.8612
-6.46966 106.86038
-6.46906 106.85951
-6.46825 106.85847
-6.46801 106.85819
-6.46725 106.8574
-6.46682 106.85692
-6.46669 106.8568
-6.4664 106.85649
-6.46637 106.85645
-6.46592 106.85604
-6.46547 106.85553
-6.46643 106.85485
-6.46683 106.8545
-6.46865 106.85254
-6.46857 106.85244
-6.46822 106.85283
-6.46822 106.85284
-6.46678 106.85444
-6.46626 106.85488
-6.4654 106.85547
-6.4653 106.85553
-6.46529 106.85554
-6.46454 106.85602
-6.46416 106.85621
-6.46406 106.85625
-6.46392 106.85629
-6.46362 106.85632
-6.46353 106.85631
-6.46332 106.85627
-6.46177 106.85615
-6.46165 106.85615
-6.46156 106.85614
-6.46155 106.85624
-6.4633 106.8564
-6.46366 106.85641
-6.46384 106.85639
-6.46394 106.85637
-6.4643 106.85627
-6.46475 106.85603
-6.46498 106.85589
-6.46536 106.85561
-6.46538 106.85559
-6.46643 106.85663
-6.46728 106.85755
-6.46901 106.85959
-6.46928 106.85995
-6.46928 106.85996
-6.46959 106.86043
-6.47009 106.86125
-6.47017 106.86136
-6.47026 106.86145
-6.47166 106.86231
-6.47363 106.86325
-6.47412 106.86342
-6.47463 106.86352
-6.47541 106.86359
-6.47606 106.86358
-6.4793 106.86344
-6.47951 106.86344
-6.47966 106.86345
-6.47977 106.86347
-6.47997 106.86357
-6.48008 106.86366
-6.48017 106.86379
-6.48025 106.86394
-6.4803 106.86406
-6.48033 106.8642
-6.48033 106.86431
-6.48027 106.86456
-6.47984 106.86556
-6.47982 106.86563
-6.4798 106.86577
-6.4798 106.86583
-6.47981 106.8659
-6.47983 106.86593
-6.47983 106.86595
-6.47988 106.86606
-6.47998 106.86623
-6.48013 106.86642
-6.48045 106.86678
-6.48068 106.86709
-6.48073 106.86725
-6.48074 106.86732
-6.48074 106.8674
-6.48073 106.8675
-6.48063 106.86775
-6.48046 106.86802
-6.48035 106.86829
-6.48035 106.86843
-6.48036 106.86848
-6.4804 106.86857
-6.48043 106.86861
-6.48055 106.86874
-6.48082 106.86894
-6.48086 106.86898
-6.48143 106.86942
-6.48187 106.86972
-6.48248 106.87
-6.4832 106.87025
-6.48326 106.87028
-6.48384 106.87049
-6.48404 106.87059
-6.48414 106.87067
-6.48416 106.87068
-6.48434 106.87086
-6.48441 106.87095
-6.48449 106.87109
-6.48461 106.8714
-6.48473 106.87177
-6.48471 106.87182
-6.48471 106.87185
-6.4847 106.87188
-6.4847 106.87206
-6.48469 106.8721
-6.48469 106.87213
-6.48468 106.87215
-6.48468 106.87218
-6.48465 106.87221
-6.48457 106.87231
-6.48448 106.87238
-6.48447 106.8724
-6.48424 106.87256
-6.48385 106.87294
-6.48323 106.87332
-6.48321 106.87334
-6.48234 106.87386
-6.48225 106.874
-6.48168 106.87431
-6.46171 106.88449
-6.45953 106.88556
-6.45394 106.88846
-6.45374 106.88855
-6.45347 106.88869
-6.4534 106.88871
-6.45118 106.88984
-6.45084 106.89003
-6.44851 106.89121
-6.44796 106.89145
-6.44677 106.89186
-6.44637 106.89196
-6.44558 106.89212
-6.44349 106.89244
-6.44338 106.89247
-6.44326 106.89249
-6.4431 106.89253
-6.43645 106.89372
-6.43642 106.89372
-6.43344 106.89424
-6.43282 106.89437
-6.43182 106.89462
-6.42703 106.89616
-6.42651 106.89629
-6.42651 106.8963
-6.42531 106.89657
-6.42472 106.89666
-6.4229 106.89688
-6.42048 106.8971
-6.41982 106.89718
-6.41732 106.89741
-6.41525 106.89755
-6.41514 106.89755
-6.41337 106.89772
-6.41225 106.89769
-6.41182 106.8977
-6.40844 106.89797
-6.40833 106.89799
-6.4082 106.898
-6.40678 106.89834
-6.40675 106.89834
-6.40671 106.89835
-6.40636 106.89835
-6.4043 106.89823
-6.40385 106.89818
-6.40235 106.89792
-6.40159 106.89771
-6.40064 106.89752
-6.39954 106.89724
-6.39841 106.89699
-6.39696 106.89663
-6.39689 106.89662
-6.39527 106.89623
-6.39347 106.89584
-6.39254 106.89567
-6.39247 106.89567
-6.39162 106.89556
-6.39099 106.89551
-6.39006 106.89547
-6.38926 106.89548
-6.38898 106.8955
-6.38862 106.8955
-6.38735 106.89561
-6.38575 106.8957
-6.38557 106.89572
-6.38153 106.89598
-6.38142 106.89598
-6.37856 106.89619
-6.37769 106.89623
-6.37639 106.89625
-6.37616 106.89624
-6.37498 106.89613
-6.37469 106.89612
-6.3742 106.89607
-6.37348 106.89596
-6.36819 106.89501
-6.36807 106.89498
-6.36802 106.89498
-6.36137 106.89371
-6.36022 106.89354
-6.35662 106.89287
-6.35531 106.89254
-6.35262 106.89177
-6.35137 106.89144
-6.35135 106.89143
-6.34695 106.8902
-6.34635 106.89005
-6.3391 106.88863
-6.3318 106.88729
-6.33177 106.88729
-6.33168 106.88727
-6.33073 106.88714
-6.3304 106.88711
-6.32925 106.88705
-6.32571 106.88701
-6.32569 106.88697
-6.32562 106.88692
-6.32519 106.88685
-6.32364 106.88681
-6.32227 106.88682
-6.31892 106.8867
-6.31805 106.88661
-6.31739 106.88652
-6.31506 106.88606
-6.31102 106.88503
-6.31074 106.88489
-6.3102 106.88473
-6.30997 106.88471
-6.30995 106.8847
-6.30972 106.88468
-6.30948 106.88463
-6.3094 106.8846
-6.30906 106.88453
-6.30874 106.88438
-6.30857 106.88425
-6.30843 106.88411
-6.30831 106.88396
-6.30792 106.88339
-6.3075 106.88284
-6.30749 106.88282
-6.30747 106.8828
-6.30744 106.88278
-6.30668 106.88167
-6.30662 106.88157
-6.30656 106.88144
-6.30653 106.88125
-6.30652 106.88088
-6.30658 106.8805
-6.30668 106.88045
-6.30674 106.88044
-6.3068 106.88044
-6.30687 106.88046
-6.30695 106.8805
-6.30707 106.88062
-6.30724 106.88077
-6.3074 106.88088
-6.30792 106.88116
-6.30827 106.88132
-6.30837 106.88138
-6.30861 106.88149
-6.30873 106.88156
-6.30878 106.88161
-6.30881 106.88165
-6.30885 106.88173
-6.30886 106.88178
-6.30888 106.88182
-6.30888 106.88188
-6.30889 106.88195
-6.30885 106.88236
-6.30887 106.88246
-6.30889 106.88252
-6.30896 106.88264
-6.30904 106.88272
-6.30909 106.88275
-6.30914 106.8828
-6.30922 106.88284
-6.30934 106.88292
-6.30939 106.88297
-6.30944 106.883
-6.30947 106.88304
-6.30949 106.88308
-6.30951 106.8831
-6.30957 106.88331
-6.30962 106.88345
-6.30966 106.88353
-6.30969 106.88361
-6.30973 106.88367
-6.30976 106.88373
-6.30982 106.88378
-6.30994 106.88384
-6.31049 106.88397
-6.3108 106.88408
-6.31109 106.88425
-6.31112 106.88426
-6.31119 106.88426
-6.31119 106.88425
-6.3112 106.88425
-6.3112 106.88424
-6.31121 106.88424
-6.31121 106.88422
-6.31122 106.8842
-6.31123 106.88414
-6.31126 106.88368
-6.31124 106.88364
-6.31118 106.88361
-6.31098 106.88357
-6.3109 106.88354
-6.31084 106.88351
-6.31079 106.88347
-6.31064 106.8834
-6.31059 106.88337
-6.31051 106.88334
-6.3104 106.88331
-6.31023 106.88325
-6.31017 106.88321
-6.31015 106.88319
-6.31012 106.88313
-6.31011 106.88309
-6.31011 106.88298
-6.31013 106.88291
-6.31015 106.88288
-6.31042 106.88257
-6.31044 106.88252
-6.31044 106.88247
-6.31043 106.88245
-6.31043 106.88242
-6.31036 106.8822
-6.31032 106.88212
-6.31023 106.88207
-6.31007 106.88201
-6.30992 106.88192
-6.30984 106.88186
