-6.30975 106.88198
-6.30973 106.88196
-6.30968 106.88191
-6.30955 106.88174
-6.3095 106.88166
-6.30945 106.8816
-6.3094 106.88158
-6.30934 106.88156
-6.30926 106.88153
-6.30918 106.88151
-6.30901 106.88145
-6.30891 106.88141
-6.3088 106.88137
-6.30859 106.88126
-6.30815 106.88108
-6.30807 106.88104
-6.30794 106.88098
-6.30775 106.88088
-6.30769 106.88084
-6.30761 106.88078
-6.30754 106.88072
-6.30746 106.88064
-6.30735 106.88052
-6.30725 106.88041
-6.30703 106.88014
-6.307 106.88011
-6.30689 106.87997
-6.30675 106.87977
-6.30684 106.8794
-6.30689 106.87917
-6.30697 106.87891
-6.30701 106.87878
-6.30708 106.87853
-6.30712 106.87837
-6.30717 106.87824
-6.30721 106.87812
-6.30725 106.87796
-6.30735 106.87758
-6.30747 106.87713
-6.30759 106.87658
-6.30763 106.87642
-6.30778 106.87576
-6.30787 106.8754
-6.30799 106.87496
-6.30802 106.87483
-6.30812 106.87467
-6.30824 106.8745
-6.30827 106.87447
-6.3083 106.87445
-6.30843 106.8744
-6.30849 106.87454
-6.30853 106.87463
-6.3086 106.87476
-6.30872 106.87495
-6.30884 106.87486
-6.30897 106.87476
-6.30951 106.87427
-6.31007 106.87378
-6.31044 106.87344
-6.31054 106.87334
-6.3111 106.87407
-6.31117 106.87415
-6.31132 106.87438
-6.31135 106.87441
-6.31138 106.87444
-6.31144 106.87449
-6.31187 106.87476
-6.31213 106.87491
-6.3123 106.87501
-6.31255 106.87517
-6.31294 106.8754
-6.31304 106.87529
-6.31312 106.87522
-6.31316 106.87518
-6.31322 106.87515
-6.3133 106.87511
-6.31343 106.87504
-6.31372 106.87491
-6.31392 106.87481
-6.31414 106.8747
-6.31418 106.87468
-6.3145 106.87446
-6.31472 106.87428
-6.31483 106.87418
-6.31505 106.874
-6.31508 106.87397
-6.31521 106.87385
-6.31532 106.87375
-6.31541 106.87367
-6.31552 106.8736
-6.31563 106.87353
-6.31573 106.87347
-6.31586 106.87341
-6.31612 106.87332
-6.31639 106.87323
-6.31657 106.87318
-6.31673 106.87313
-6.31702 106.87304
-6.31717 106.87299
-6.31724 106.87297
-6.3173 106.87296
-6.31735 106.87296
-6.31741 106.87297
-6.31748 106.87298
-6.31768 106.873
-6.31774 106.873
-6.31798 106.87302
-6.31816 106.87301
-6.31867 106.87289
-6.31903 106.87281
-6.31918 106.87277
-6.31963 106.87265
-6.31977 106.87258
-6.31998 106.87249
-6.32002 106.87246
-6.32004 106.87244
-6.32006 106.87241
-6.32006 106.8724
-6.32006 106.87239
-6.32006 106.87237
-6.32006 106.87234
-6.32005 106.87232
-6.32005 106.8723
-6.32003 106.87227
-6.32001 106.87224
-6.31997 106.87217
-6.31994 106.8721
-6.31991 106.87206
-6.31987 106.87195
-6.31982 106.8718
-6.31974 106.87155
-6.3197 106.87143
-6.31963 106.8712
-6.31957 106.87098
-6.31957 106.87096
-6.31957 106.87094
-6.31958 106.87092
-6.31959 106.87091
-6.3196 106.87089
-6.31961 106.87088
-6.31963 106.87087
-6.31973 106.87082
-6.31992 106.87073
-6.32011 106.87064
-6.32026 106.87056
-6.32072 106.87026
-6.32076 106.87024
-6.32079 106.87023
-6.32086 106.87022
-6.32101 106.87021
-6.32107 106.87021
-6.32121 106.87066
-6.32127 106.87085
-6.32138 106.87114
-6.32141 106.87122
-6.32145 106.87129
-6.32163 106.87158
-6.32194 106.87211
-6.32218 106.87253
-6.32225 106.87264
-6.32237 106.8728
-6.3224 106.87285
-6.32256 106.87313
-6.32257 106.87316
-6.3226 106.87321
-6.32262 106.87324
-6.32266 106.87329
-6.32268 106.87331
-6.32269 106.87332
-6.32274 106.87335
-6.32277 106.87336
-6.32278 106.87337
-6.32281 106.87339
-6.32284 106.8734
-6.32289 106.87341
-6.32291 106.87341
-6.32293 106.87342
-6.32296 106.87342
-6.323 106.87342
-6.32302 106.87342
-6.32305 106.87341
-6.32307 106.8734
-6.3231 106.87338
-6.32315 106.87335
-6.32317 106.87335
-6.32321 106.87333
-6.32324 106.87332
-6.32326 106.87331
-6.32329 106.87331
-6.32331 106.87331
-6.32332 106.87331
-6.32333 106.87331
-6.32335 106.87331
-6.32336 106.87331
-6.32337 106.87332
-6.3234 106.87334
-6.32344 106.87337
-6.32348 106.87339
-6.32351 106.8734
-6.32353 106.8734
-6.32356 106.87341
-6.32367 106.87341
-6.32392 106.8734
-6.32394 106.87341
-6.32395 106.87342
-6.32457 106.87346
-6.32466 106.87346
-6.32467 106.87346
-6.32469 106.87346
-6.32471 106.87345
-6.32473 106.87344
-6.32477 106.87342
-6.32488 106.87354
-6.32489 106.87355
-6.3249 106.87356
-6.3249 106.87358
-6.32492 106.87362
-6.32493 106.87364
-6.32494 106.87365
-6.32497 106.87367
-6.32498 106.87368
-6.32499 106.8737
-6.325 106.87371
-6.325 106.87373
-6.32502 106.87379
-6.32505 106.87388
-6.32517 106.87416
-6.32518 106.87417
-6.32519 106.87419
-6.3252 106.8742
-6.32522 106.87422
-6.32526 106.87425
-6.32541 106.87432
-6.32543 106.87432
-6.32545 106.87431
-6.32547 106.8743
-6.32552 106.87426
-6.32558 106.87422
-6.32567 106.87417
-6.32571 106.87414
-6.32576 106.87412
-6.32589 106.87405
-6.32593 106.87402
-6.32598 106.87398
-6.32608 106.87388
-6.32614 106.87382
-6.32618 106.87379
-6.32623 106.87375
-6.32631 106.87371
-6.32636 106.87387
-6.3264 106.87402
-6.32665 106.87398
-6.32675 106.87396
-6.32693 106.87394
-6.32706 106.87393
-6.3271 106.87393
-6.32733 106.87391
-6.32774 106.87384
-6.32778 106.87386
-6.32781 106.87386
-6.32782 106.87387
-6.32784 106.87387
-6.32786 106.87388
-6.32789 106.87388
-6.32796 106.87388
-6.32801 106.87388
-6.32803 106.87389
-6.32804 106.87389
-6.32805 106.8739
-6.32807 106.87391
-6.32808 106.87392
-6.32809 106.87394
-6.32812 106.87401
-6.32818 106.87415
-6.32827 106.87441
-6.32831 106.87451
-6.32833 106.87458
-6.32834 106.87462
-6.32836 106.87465
-6.32837 106.87468
-6.32838 106.8747
-6.3284 106.87472
-6.32855 106.87469
-6.32913 106.87458
-6.32929 106.87454
-6.32949 106.8745
-6.32955 106.87448
-6.3296 106.87447
-6.32965 106.87446
-6.32971 106.87446
-6.32982 106.87445
-6.32983 106.87462
-6.32984 106.87495
-6.32982 106.87502
-6.32981 106.87506
-6.32979 106.8751
-6.32976 106.87518
-6.32968 106.87535
-6.32953 106.87565
-6.32952 106.87568
-6.32932 106.87567
-6.32924 106.87567
-6.32917 106.87568
-6.32908 106.87568
-6.32898 106.8757
-6.32886 106.87572
-6.32875 106.87575
-6.32864 106.87578
-6.32851 106.87583
-6.32823 106.87593
-6.3279 106.87606
-6.32778 106.8761
-6.32767 106.87614
-6.32757 106.87617
-6.32752 106.87619
-6.3273 106.87625
-6.32678 106.87645
-6.32612 106.87669
-6.32601 106.87672
-6.32597 106.87673
-6.32593 106.87674
-6.32587 106.87674
-6.32583 106.87674
-6.3258 106.87673
-6.32575 106.87672
-6.32571 106.87671
-6.32564 106.87667
-6.32558 106.87665
-6.32549 106.87663
-6.32539 106.8766
-6.32533 106.87659
-6.32532 106.87659
-6.32527 106.87658
-6.32518 106.87656
-6.3251 106.87655
-6.32495 106.87654
-6.32488 106.87654
-6.32483 106.87654
-6.32477 106.87654
-6.32471 106.87655
-6.3246 106.87657
-6.32445 106.87661
-6.32429 106.87665
-6.32413 106.8767
-6.32402 106.87673
-6.32374 106.87683
-6.32355 106.87689
-6.3235 106.87691
-6.32333 106.87696
-6.3232 106.87698
-6.32307 106.87699
-6.32291 106.87697
-6.3224 106.87695
-6.32234 106.87696
-6.32229 106.87696
-6.32222 106.87696
-6.32205 106.87699
-6.32197 106.877
-6.32157 106.87704
-6.32156 106.87704
-6.32138 106.87707
-6.32124 106.8771
-6.32112 106.87712
-6.32107 106.87713
-6.32097 106.87716
-6.32079 106.87722
-6.32068 106.87725
-6.32061 106.87727
-6.3201 106.8774
-6.31978 106.8775
-6.31963 106.87754
-6.31957 106.87755
-6.31947 106.87755
-6.31929 106.87757
-6.31923 106.87757
-6.31889 106.87763
-6.31865 106.87775
-6.31855 106.87781
-6.31838 106.87791
-6.31836 106.87792
-6.31814 106.87808
-6.31794 106.87822
-6.31782 106.8783
-6.31769 106.87838
-6.31743 106.8786
-6.31733 106.8787
-6.31712 106.8789
-6.31706 106.87896
-6.31696 106.87908
-6.31685 106.87918
-6.31673 106.87928
-6.31659 106.8794
-6.31642 106.87952
-6.31657 106.87978
-6.31668 106.87998
-6.31676 106.88016
-6.31684 106.88032
-6.31687 106.88039
-6.31689 106.88042
-6.31695 106.88053
-6.31698 106.88058
-6.31702 106.88063
-6.31708 106.88069
-6.31714 106.88075
-6.31726 106.88083
-6.31742 106.88095
-6.31767 106.88113
-6.3178 106.88118
-6.31801 106.88131
-6.3181 106.88136
-6.31811 106.88138
-6.31818 106.88142
-6.3182 106.88144
-6.31822 106.88146
-6.31823 106.88149
-6.31825 106.88153
-6.31827 106.88158
-6.31829 106.88168
-6.31831 106.88178
-6.31836 106.88196
-6.31844 106.8822
-6.31857 106.88262
-6.31864 106.88287
-6.31867 106.88298
-6.31873 106.88321
-6.31878 106.88336
-6.31882 106.88347
-6.31884 106.88354
-6.31886 106.88358
-6.31888 106.88361
-6.31889 106.88364
-6.31884 106.88368
-6.31879 106.88371
-6.31877 106.88374
-6.31872 106.8838
-6.31843 106.88393
-6.31825 106.88402
-6.31818 106.88406
-6.31812 106.88409
-6.31805 106.88413
-6.31799 106.88418
-6.31793 106.88421
-6.31792 106.88422
-6.3178 106.88429
-6.31772 106.88433
-6.31767 106.88435
-6.31757 106.8844
-6.31752 106.88443
-6.31746 106.88446
-6.31736 106.8845
-6.31701 106.88461
-6.31679 106.88469
-6.31639 106.88483
-6.31635 106.88484
-6.31617 106.88489
-6.3161 106.88491
-6.31608 106.88491
-6.31605 106.88492
-6.31595 106.88493
-6.31586 106.88493
-6.31579 106.88491
-6.31571 106.88487
-6.31562 106.88482
-6.31548 106.88475
-6.31541 106.88472
-6.31527 106.88466
-6.31511 106.8846
-6.31505 106.88459
-6.31504 106.88459
-6.31501 106.88458
-6.31494 106.88458
-6.31485 106.88457
-6.31474 106.88458
-6.31445 106.88458
-6.31424 106.88457
-6.31373 106.88453
-6.31357 106.88452
-6.31352 106.88452
-6.31346 106.88453
-6.31339 106.88457
-6.3133 106.88462
-6.31321 106.88468
-6.31316 106.88472
-6.31305 106.88475
-6.31293 106.88479
-6.31279 106.88482
-6.31262 106.88487
-6.31251 106.88489
-6.31242 106.8849
-6.31229 106.88491
-6.31208 106.88491
-6.31201 106.88491
-6.31197 106.88491
-6.31193 106.88491
-6.31189 106.88492
-6.31186 106.88492
-6.31183 106.88493
-6.3118 106.88495
-6.31177 106.88496
-6.31176 106.88497
-6.31173 106.88498
-6.31171 106.88498
-6.31168 106.88498
-6.31163 106.88497
-6.31154 106.88496
-6.31146 106.88494
-6.3114 106.88492
-6.3113 106.88486
-6.31121 106.88479
-6.31115 106.88475
-6.31107 106.88471
-6.31097 106.88465
-6.31085 106.8846
-6.31075 106.88456
-6.31066 106.88451
-6.3106 106.88449
-6.31057 106.88448
-6.31052 106.88447
-6.31045 106.88446
-6.31036 106.88447
-6.31027 106.88447
-6.31018 106.88447
-6.31013 106.88446
-6.3101 106.88446
-6.31005 106.88444
-6.31 106.88443
-6.30995 106.88441
-6.30988 106.88438
-6.30989 106.88434
-6.30989 106.88431
-6.30988 106.88426
-6.30988 106.88423
-6.30987 106.88415
-6.30987 106.88412
-6.30987 106.88409
-6.30988 106.88402
-6.30988 106.88398
-6.30988 106.88397
-6.30994 106.88384
-6.31049 106.88397
-6.31063 106.88402
-6.3108 106.88408
-6.3109 106.88414
-6.31098 106.88419
-6.31105 106.88423
-6.31109 106.88425
-6.31112 106.88426
-6.31115 106.88426
-6.31117 106.88426
-6.31118 106.88426
-6.31119 106.88426
-6.31119 106.88425
-6.3112 106.88425
-6.3112 106.88424
-6.31121 106.88424
-6.31121 106.88422
-6.31122 106.8842
-6.31123 106.88414
-6.31126 106.88374
-6.31126 106.8837
-6.31126 106.88368
-6.31125 106.88366
-6.31124 106.88364
-6.31122 106.88363
-6.3112 106.88362
-6.31118 106.88361
-6.31112 106.8836
-6.31106 106.88359
-6.31098 106.88357
-6.3109 106.88354
-6.31084 106.88351
-6.31079 106.88347
-6.31064 106.8834
-6.31059 106.88337
-6.31051 106.88334
-6.3104 106.88331
-6.31032 106.88328
-6.31023 106.88325
-6.3102 106.88323
-6.31017 106.88321
-6.31015 106.88319
-6.31013 106.88315
-6.31012 106.88313
-6.31011 106.88309
-6.31011 106.88305
-6.31011 106.88301
-6.31011 106.88298
-6.31012 106.88294
-6.31013 106.88291
-6.31015 106.88288
-6.31031 106.88269
-6.31042 106.88257
-6.31043 106.88254
-6.31044 106.88252
-6.31044 106.8825
-6.31044 106.88247
-6.31043 106.88245
-6.31043 106.88242
-6.31036 106.8822
-6.31034 106.88216
-6.31033 106.88214
-6.31032 106.88212
-6.3103 106.88211
-6.31027 106.88209
-6.31023 106.88207
-6.31014 106.88204
-6.31007 106.88201
-6.31 106.88197
-6.30992 106.88192
-6.30985 106.88187
-6.30984 106.88186
