-6.30975 106.88198
-6.30968 106.88191
-6.30955 106.88174
-6.3095 106.88166
-6.30945 106.8816
-6.30926 106.88153
-6.30918 106.88151
-6.3088 106.88137
-6.30859 106.88126
-6.30815 106.88108
-6.30775 106.88088
-6.30761 106.88078
-6.30754 106.88072
-6.30725 106.88041
-6.30703 106.88014
-6.307 106.88011
-6.30675 106.87977
-6.30689 106.87917
-6.30712 106.87837
-6.30721 106.87812
-6.30747 106.87713
-6.30778 106.87576
-6.30814 106.87434
-6.30811 106.87429
-6.30805 106.87421
-6.30802 106.87419
-6.30792 106.87416
-6.30789 106.87416
-6.30782 106.87418
-6.30778 106.87421
-6.30772 106.87424
-6.30731 106.87573
-6.3072 106.87608
-6.30671 106.87793
-6.30658 106.87855
-6.30658 106.87859
-6.30647 106.87907
-6.30618 106.87979
-6.30612 106.87997
-6.30606 106.88022
-6.30605 106.88024
-6.30597 106.88059
-6.30591 106.88079
-6.3058 106.88126
-6.30572 106.88173
-6.30566 106.88226
-6.30558 106.88508
-6.30552 106.88523
-6.30548 106.88536
-6.30536 106.88555
-6.3053 106.88561
-6.30525 106.88565
-6.30514 106.88571
-6.30508 106.88573
-6.30494 106.88575
-6.30489 106.88575
-6.30481 106.88574
-6.30461 106.88566
-6.30449 106.88556
-6.30439 106.88541
-6.30435 106.88526
-6.30435 106.88513
-6.30437 106.885
-6.30442 106.88487
-6.30451 106.88474
-6.30462 106.88463
-6.30466 106.8846
-6.30471 106.88458
-6.30474 106.88456
-6.30487 106.88451
-6.305 106.88449
-6.30515 106.88449
-6.30526 106.8845
-6.30562 106.88458
-6.30588 106.88466
-6.30665 106.88484
-6.30739 106.88495
-6.30748 106.88495
-6.30755 106.88494
-6.30759 106.88494
-6.30765 106.88493
-6.30793 106.88498
-6.30979 106.88521
-6.30987 106.88521
-6.30995 106.88519
-6.31023 106.88525
-6.31036 106.88529
-6.31064 106.88533
-6.31113 106.88544
-6.31248 106.88579
-6.31389 106.88608
-6.31443 106.88617
-6.31634 106.88659
-6.31752 106.88678
-6.31857 106.88692
-6.31891 106.88695
-6.32095 106.88702
-6.32924 106.88717
-6.33034 106.88724
-6.33166 106.88738
-6.33168 106.88739
-6.33174 106.8874
-6.33176 106.8874
-6.3318 106.88741
-6.33181 106.88741
-6.33658 106.88832
-6.33661 106.88832
-6.33769 106.88855
-6.34334 106.88963
-6.34392 106.88979
-6.34651 106.89033
-6.3474 106.89055
-6.3513 106.89164
-6.35131 106.89164
-6.35573 106.89285
-6.3576 106.89324
-6.36083 106.89379
-6.36253 106.89411
-6.36293 106.89417
-6.36306 106.8943
-6.36307 106.8943
-6.36309 106.89431
-6.3631 106.89432
-6.36555 106.8949
-6.36596 106.89497
-6.36608 106.895
-6.36632 106.89508
-6.36654 106.89519
-6.36683 106.89537
-6.36729 106.89572
-6.36811 106.89585
-6.36829 106.89585
-6.36917 106.89601
-6.36993 106.8961
-6.37058 106.89614
-6.37072 106.89616
-6.37086 106.89619
-6.37179 106.89633
-6.37412 106.89685
-6.3746 106.89693
-6.37523 106.89706
-6.37543 106.89712
-6.37565 106.89725
-6.37582 106.8974
-6.3759 106.8975
-6.37596 106.89761
-6.376 106.89772
-6.37603 106.89784
-6.37607 106.89808
-6.37607 106.89838
-6.37598 106.89962
-6.37598 106.8998
-6.37592 106.90083
-6.37592 106.90111
-6.37573 106.90523
-6.37575 106.90632
-6.37573 106.90646
-6.37567 106.9067
-6.37567 106.90671
-6.37557 106.90702
-6.37552 106.90714
-6.37543 106.90756
-6.37539 106.91033
-6.3754 106.911
-6.37535 106.91187
-6.3753 106.91476
-6.37531 106.91516
-6.37534 106.91552
-6.37538 106.9158
-6.37544 106.91605
-6.37562 106.91645
-6.37638 106.9178
-6.37645 106.91795
-6.3777 106.92028
-6.37779 106.92043
-6.37796 106.92066
-6.37803 106.92077
-6.37818 106.92097
-6.37902 106.92189
-6.3791 106.92196
-6.38032 106.92328
-6.38042 106.9234
-6.38151 106.92457
-6.38178 106.92492
-6.38198 106.92534
-6.38203 106.92553
-6.38206 106.9257
-6.38202 106.92678
-6.38217 106.9311
-6.38219 106.93134
-6.38223 106.93157
-6.38238 106.93201
-6.38265 106.93258
-6.38381 106.93424
-6.38484 106.93583
-6.38496 106.93599
-6.38557 106.93696
-6.38565 106.93707
-6.38691 106.93932
-6.38759 106.94066
-6.38765 106.9408
-6.38785 106.94118
-6.38798 106.94146
-6.38814 106.94188
-6.38848 106.94297
-6.38935 106.94607
-6.38965 106.94747
-6.38975 106.94779
-6.39007 106.94866
-6.39067 106.94998
-6.39115 106.95097
-6.3915 106.95208
-6.39185 106.95356
-6.39193 106.95384
-6.39203 106.95431
-6.39207 106.95505
-6.39207 106.95526
-6.39203 106.95577
-6.39203 106.95592
-6.39202 106.95596
-6.39201 106.95645
-6.39206 106.95676
-6.39238 106.95786
-6.39244 106.95801
-6.39255 106.95816
-6.39257 106.95818
-6.39269 106.95825
-6.39315 106.95838
-6.39362 106.95844
-6.3947 106.95844
-6.39658 106.9585
-6.39666 106.95851
-6.3979 106.95849
-6.3981 106.9585
-6.39819 106.95853
-6.39981 106.95941
-6.4 106.95953
-6.40008 106.95956
-6.40078 106.95992
-6.39985 106.95983
-6.39981 106.95982
-6.39963 106.95981
-6.39956 106.96017
-6.39955 106.96019
-6.39955 106.96022
-6.39956 106.96023
-6.39956 106.96027
-6.39958 106.96032
-6.39958 106.9604
-6.39959 106.96041
-6.39961 106.96075
-6.39961 106.96115
-6.39959 106.96142
-6.39957 106.96152
-6.39957 106.96158
-6.39956 106.96161
-6.39956 106.96176
-6.39957 106.96184
-6.39957 106.96189
-6.39958 106.96193
-6.39958 106.96197
-6.39959 106.96205
-6.39958 106.96209
-6.39958 106.9621
-6.39957 106.96211
-6.39956 106.96211
-6.39951 106.96214
-6.3994 106.96219
-6.39936 106.96223
-6.39935 106.96225
-6.39935 106.9623
-6.3994 106.96242
-6.3994 106.96243
-6.39953 106.96272
-6.3996 106.96291
-6.3997 106.96285
-6.39974 106.96284
-6.39977 106.96284
-6.39986 106.96282
-6.40001 106.96281
-6.40005 106.9628
-6.40008 106.9628
-6.40018 106.96278
-6.40021 106.96278
-6.40029 106.96276
-6.40042 106.96275
-6.40049 106.96273
-6.40075 106.96269
-6.40083 106.96271
-6.40093 106.96275
-6.40107 106.96282
-6.4011 106.96284
-6.40145 106.96298
-6.40173 106.96305
-6.40183 106.96306
-6.4022 106.96306
-6.40268 106.96309
-6.40351 106.96304
-6.40349 106.96283
-6.4034 106.96221
-6.40334 106.96208
-6.4033 106.96204
-6.40328 106.962
-6.40322 106.96196
-6.40321 106.96196
-6.40278 106.96172
-6.40239 106.96153
-6.40234 106.96149
-6.40231 106.96144
-6.40229 106.96142
-6.40225 106.96103
-6.40224 106.96035
-6.40223 106.96028
-6.40222 106.96001
-6.40119 106.95999
-6.40112 106.95998
-6.40107 106.95994
-6.40072 106.95978
-6.3989 106.95879
-6.39889 106.95878
-6.3987 106.95866
-6.39855 106.95858
-6.39816 106.9584
-6.39795 106.95837
-6.39781 106.95836
-6.3971 106.95839
-6.39615 106.95839
-6.39524 106.95834
-6.39445 106.95833
-6.39427 106.95834
-6.39362 106.95834
-6.39337 106.95832
-6.39316 106.95829
-6.39274 106.95818
-6.39267 106.95814
-6.39259 106.95805
-6.39256 106.958
-6.39242 106.95763
-6.39215 106.9567
-6.39211 106.95638
-6.39217 106.95565
-6.39219 106.95508
-6.39214 106.95431
-6.3921 106.95407
-6.3919 106.95323
-6.39186 106.95302
-6.39185 106.953
-6.39176 106.95258
-6.3914 106.95127
-6.39132 106.95105
-6.39123 106.95085
-6.39072 106.94985
-6.39024 106.94878
-6.39011 106.94843
-6.39009 106.94839
-6.39002 106.94818
-6.39 106.94814
-6.3898 106.94751
-6.38954 106.9464
-6.38952 106.94628
-6.3894 106.94586
-6.38929 106.9454
-6.3889 106.9441
-6.38864 106.94311
-6.38834 106.94218
-6.38831 106.94211
-6.3883 106.94204
-6.38818 106.94169
-6.38804 106.94134
-6.38751 106.94027
-6.38605 106.93756
-6.38486 106.93563
-6.38351 106.93358
-6.38281 106.93259
-6.38256 106.9321
-6.38241 106.93165
-6.38236 106.93144
-6.38232 106.93106
-6.3823 106.93051
-6.38227 106.93013
-6.38227 106.92941
-6.3822 106.92757
-6.38221 106.926
-6.38218 106.92566
-6.38213 106.92544
-6.38206 106.92525
-6.38188 106.92487
-6.38162 106.92454
-6.38106 106.92392
-6.38049 106.92333
-6.37916 106.92188
-6.37888 106.92162
-6.37877 106.92147
-6.37839 106.92108
-6.37805 106.92063
-6.37783 106.92025
-6.37777 106.92012
-6.37566 106.91628
-6.37551 106.91585
-6.37545 106.9156
-6.37541 106.91533
-6.3754 106.9149
-6.37549 106.91227
-6.37548 106.91218
-6.37552 106.90943
-6.37553 106.90928
-6.37555 106.90767
-6.37556 106.90755
-6.37556 106.90743
-6.37558 106.90732
-6.37578 106.90672
-6.37582 106.90652
-6.37584 106.90636
-6.37585 106.90513
-6.37592 106.90398
-6.37597 106.90229
-6.37607 106.90061
-6.37607 106.90047
-6.37615 106.89899
-6.37616 106.89891
-6.37618 106.89853
-6.37618 106.89798
-6.37616 106.89776
-6.3761 106.89761
-6.37598 106.89742
-6.3759 106.89733
-6.37581 106.89725
-6.37565 106.89713
-6.37556 106.89708
-6.37538 106.89701
-6.37528 106.89699
-6.37509 106.89686
-6.37481 106.89678
-6.3745 106.89672
-6.37435 106.89668
-6.37404 106.89657
-6.37396 106.89652
-6.3739 106.89646
-6.37374 106.89622
-6.37364 106.89609
-6.37349 106.89594
-6.3734 106.89589
-6.3733 106.89585
-6.37274 106.89568
-6.37241 106.89562
-6.37212 106.89559
-6.37164 106.8955
-6.37135 106.89543
-6.37048 106.89529
-6.36976 106.89515
-6.36805 106.89488
-6.36644 106.89454
-6.36633 106.89449
-6.36614 106.89437
-6.36562 106.89429
-6.36529 106.89422
-6.36517 106.89421
-6.36456 106.8941
-6.36381 106.89394
-6.36213 106.89371
-6.36137 106.89371
-6.36022 106.89354
-6.35662 106.89287
-6.35531 106.89254
-6.35262 106.89177
-6.35137 106.89144
-6.35135 106.89143
-6.34695 106.8902
-6.34635 106.89005
-6.3391 106.88863
-6.3318 106.88729
-6.33177 106.88729
-6.33168 106.88727
-6.33073 106.88714
-6.3304 106.88711
-6.32925 106.88705
-6.32571 106.88701
-6.32569 106.88697
-6.32562 106.88692
-6.32519 106.88685
-6.32364 106.88681
-6.32227 106.88682
-6.31892 106.8867
-6.31805 106.88661
-6.31739 106.88652
-6.31506 106.88606
-6.31102 106.88503
-6.31074 106.88489
-6.3102 106.88473
-6.30997 106.88471
-6.30995 106.8847
-6.30972 106.88468
-6.30948 106.88463
-6.3094 106.8846
-6.30906 106.88453
-6.30874 106.88438
-6.30857 106.88425
-6.30843 106.88411
-6.30831 106.88396
-6.30792 106.88339
-6.3075 106.88284
-6.30749 106.88282
-6.30747 106.8828
-6.30744 106.88278
-6.30668 106.88167
-6.30662 106.88157
-6.30656 106.88144
-6.30653 106.88125
-6.30652 106.88088
-6.30658 106.8805
-6.30668 106.88045
-6.30674 106.88044
-6.3068 106.88044
-6.30687 106.88046
-6.30695 106.8805
-6.30707 106.88062
-6.30724 106.88077
-6.3074 106.88088
-6.30792 106.88116
-6.30827 106.88132
-6.30837 106.88138
-6.30861 106.88149
-6.30873 106.88156
-6.30878 106.88161
-6.30881 106.88165
-6.30885 106.88173
-6.30886 106.88178
-6.30888 106.88182
-6.30888 106.88188
-6.30889 106.88195
-6.30885 106.88236
-6.30887 106.88246
-6.30889 106.88252
-6.30896 106.88264
-6.30904 106.88272
-6.30909 106.88275
-6.30914 106.8828
-6.30922 106.88284
-6.30934 106.88292
-6.30939 106.88297
-6.30944 106.883
-6.30947 106.88304
-6.30949 106.88308
-6.30951 106.8831
-6.30957 106.88331
-6.30962 106.88345
-6.30966 106.88353
-6.30969 106.88361
-6.30973 106.88367
-6.30976 106.88373
-6.3098 106.88376
-6.30982 106.88378
-6.30994 106.88384
-6.31049 106.88397
-6.3108 106.88408
-6.31109 106.88425
-6.31112 106.88426
-6.31119 106.88426
-6.31119 106.88425
-6.3112 106.88425
-6.3112 106.88424
-6.31121 106.88424
-6.31121 106.88422
-6.31122 106.8842
-6.31123 106.88414
-6.31126 106.88368
-6.31124 106.88364
-6.31118 106.88361
-6.31098 106.88357
-6.3109 106.88354
-6.31084 106.88351
-6.31079 106.88347
-6.31064 106.8834
-6.31059 106.88337
-6.31051 106.88334
-6.3104 106.88331
-6.31023 106.88325
-6.31017 106.88321
-6.31015 106.88319
-6.31012 106.88313
-6.31011 106.88309
-6.31011 106.88298
-6.31013 106.88291
-6.31015 106.88288
-6.31042 106.88257
-6.31044 106.88252
-6.31044 106.88247
-6.31043 106.88245
-6.31043 106.88242
-6.31036 106.8822
-6.31032 106.88212
-6.31023 106.88207
-6.31007 106.88201
-6.30992 106.88192
-6.30984 106.88186
