-6.39165 106.82471
-6.39157 106.82475
-6.39122 106.82494
-6.39091 106.8251
-6.3905 106.82532
-6.39035 106.8254
-6.3903 106.82538
-6.39029 106.82538
-6.39028 106.82537
-6.39026 106.82536
-6.39024 106.82535
-6.39023 106.82534
-6.3902 106.82532
-6.39016 106.82528
-6.39017 106.82483
-6.39017 106.82463
-6.39019 106.82462
-6.39019 106.82461
-6.3902 106.82461
-6.3902 106.8246
-6.39021 106.8246
-6.39021 106.82459
-6.39022 106.82458
-6.39022 106.82457
-6.39022 106.82456
-6.39023 106.82453
-6.39025 106.82435
-6.39029 106.82378
-6.3903 106.82365
-6.39031 106.82357
-6.39032 106.82337
-6.39033 106.82324
-6.39035 106.82297
-6.39036 106.82259
-6.39036 106.82255
-6.39036 106.82254
-6.39036 106.82253
-6.39035 106.82253
-6.39035 106.82252
-6.39034 106.82252
-6.39034 106.82251
-6.39033 106.82251
-6.39032 106.8225
-6.39031 106.8225
-6.3903 106.82249
-6.39029 106.82249
-6.39028 106.82249
-6.39027 106.82249
-6.39026 106.82249
-6.39025 106.82249
-6.39024 106.82249
-6.39023 106.82249
-6.3902 106.82249
-6.39019 106.82249
-6.39017 106.82249
-6.39016 106.82249
-6.39015 106.82249
-6.39015 106.8225
-6.39013 106.8225
-6.39012 106.82251
-6.39011 106.82251
-6.39011 106.82252
-6.39011 106.82253
-6.39011 106.82254
-6.3901 106.82274
-6.39006 106.82339
-6.39004 106.82364
-6.39004 106.82422
-6.39004 106.82438
-6.39004 106.82447
-6.39004 106.8245
-6.39004 106.82451
-6.39004 106.82452
-6.39005 106.82453
-6.39005 106.82454
-6.39006 106.82457
-6.39009 106.82463
-6.39007 106.82522
-6.39007 106.82544
-6.39007 106.82545
-6.39007 106.82546
-6.39007 106.82549
-6.39012 106.82561
-6.39017 106.82558
-6.39019 106.82558
-6.39036 106.8255
-6.39063 106.82537
-6.39076 106.8253
-6.39098 106.82518
-6.3914 106.82496
-6.39145 106.82494
-6.39153 106.82489
-6.39161 106.82484
-6.39162 106.82484
-6.39219 106.82451
-6.39228 106.82446
-6.3926 106.82433
-6.39276 106.82422
-6.39315 106.82406
-6.39382 106.82369
-6.39383 106.82368
-6.39392 106.82362
-6.39401 106.82357
-6.39416 106.82346
-6.39421 106.82342
-6.39422 106.82342
-6.39427 106.82338
-6.39443 106.82324
-6.39451 106.82317
-6.39467 106.82301
-6.39476 106.82291
-6.39536 106.82226
-6.39572 106.82189
-6.39572 106.82188
-6.39583 106.82179
-6.39587 106.82176
-6.39594 106.82171
-6.39598 106.82168
-6.39602 106.82166
-6.39622 106.82151
-6.39658 106.82134
-6.39717 106.82103
-6.39765 106.82078
-6.39812 106.82054
-6.39859 106.82025
-6.39861 106.82023
-6.39884 106.82002
-6.39899 106.81993
-6.39916 106.81981
-6.39918 106.8198
-6.39939 106.81961
-6.39957 106.81945
-6.39976 106.81925
-6.39979 106.81921
-6.39991 106.81908
-6.39997 106.81903
-6.40002 106.81899
-6.40009 106.81894
-6.40013 106.81892
-6.4002 106.81889
-6.40029 106.81886
-6.40037 106.81884
-6.4005 106.81881
-6.40063 106.81878
-6.40079 106.81875
-6.4009 106.81874
-6.40103 106.81873
-6.40111 106.81872
-6.40121 106.81872
-6.40127 106.81872
-6.40134 106.81871
-6.40145 106.8187
-6.40158 106.81872
-6.40165 106.81873
-6.40174 106.81875
-6.40179 106.81877
-6.40188 106.81879
-6.40212 106.81885
-6.40264 106.81897
-6.40271 106.81898
-6.40274 106.81898
-6.40308 106.81902
-6.40365 106.81911
-6.40367 106.81911
-6.40372 106.81912
-6.40382 106.81914
-6.40408 106.81915
-6.40414 106.81915
-6.40459 106.81911
-6.4047 106.8191
-6.40474 106.81909
-6.40551 106.81897
-6.40579 106.81893
-6.40604 106.81887
-6.40621 106.81882
-6.40639 106.81876
-6.4065 106.81872
-6.40666 106.81864
-6.40669 106.81863
-6.40695 106.81849
-6.40721 106.81835
-6.40748 106.81821
-6.4075 106.8182
-6.40758 106.81816
-6.40818 106.81784
-6.4087 106.81757
-6.40901 106.8174
-6.40943 106.81717
-6.40956 106.8171
-6.40971 106.81702
-6.40989 106.81694
-6.41002 106.81689
-6.41017 106.81684
-6.41046 106.81677
-6.41047 106.81676
-6.41055 106.81689
-6.41059 106.81698
-6.41063 106.81707
-6.41069 106.81722
-6.41076 106.81738
-6.41081 106.81747
-6.41086 106.81754
-6.41091 106.81759
-6.41118 106.81786
-6.4112 106.8179
-6.41123 106.81795
-6.41126 106.818
-6.41129 106.81807
-6.41132 106.8182
-6.4114 106.81857
-6.41147 106.8189
-6.4115 106.819
-6.41152 106.81907
-6.41155 106.81912
-6.41156 106.81914
-6.41163 106.81928
-6.41178 106.81946
-6.41211 106.81982
-6.41215 106.81995
-6.41216 106.81996
-6.41229 106.82013
-6.4127 106.82062
-6.41288 106.82083
-6.41297 106.82094
-6.41309 106.82103
-6.41321 106.82108
-6.41327 106.82108
-6.41333 106.82108
-6.41352 106.82105
-6.41484 106.82075
-6.41523 106.82066
-6.41529 106.82065
-6.41544 106.82063
-6.4155 106.82063
-6.41562 106.82068
-6.41578 106.82079
-6.41613 106.82102
-6.41636 106.82114
-6.41637 106.82114
-6.41717 106.82139
-6.4174 106.82145
-6.41748 106.82149
-6.41751 106.82151
-6.41755 106.82154
-6.41761 106.82163
-6.41769 106.82178
-6.4178 106.8221
-6.41787 106.82233
-6.41788 106.82235
-6.41801 106.8227
-6.41811 106.82297
-6.41813 106.82306
-6.41815 106.82318
-6.41817 106.82333
-6.41817 106.82338
-6.41819 106.8237
-6.41824 106.82419
-6.41831 106.82473
-6.41836 106.8251
-6.41836 106.82516
-6.41836 106.82522
-6.41836 106.82535
-6.41834 106.82542
-6.41831 106.82549
-6.41825 106.82567
-6.41823 106.82581
-6.41823 106.82589
-6.41825 106.82596
-6.41831 106.82606
-6.41838 106.82616
-6.41843 106.82621
-6.4185 106.82626
-6.41854 106.8263
-6.41857 106.82632
-6.41861 106.82636
-6.41864 106.82638
-6.41865 106.82639
-6.41867 106.82641
-6.4187 106.82644
-6.41874 106.82648
-6.41882 106.82657
-6.41891 106.82669
-6.41907 106.82695
-6.41912 106.82706
-6.41914 106.8271
-6.41915 106.82715
-6.41915 106.82718
-6.41916 106.82731
-6.41921 106.82746
-6.41924 106.82758
-6.41931 106.82776
-6.41937 106.8279
-6.41941 106.82798
-6.41946 106.82805
-6.41988 106.82827
-6.4199 106.82828
-6.42009 106.82837
-6.42015 106.82841
-6.42049 106.82856
-6.42105 106.82877
-6.42113 106.8288
-6.4212 106.82882
-6.42126 106.82884
-6.42141 106.82891
-6.4218 106.82914
-6.42213 106.82932
-6.42228 106.82939
-6.42239 106.82945
-6.42245 106.82948
-6.42249 106.8295
-6.42252 106.82951
-6.42256 106.82953
-6.4226 106.82954
-6.42263 106.82954
-6.42269 106.82956
-6.42277 106.82957
-6.42286 106.82957
-6.42294 106.82957
-6.42307 106.82955
-6.42312 106.82955
-6.42325 106.82954
-6.42329 106.82953
-6.42366 106.82949
-6.42367 106.82949
-6.42407 106.82946
-6.42422 106.82944
-6.42426 106.82944
-6.42431 106.82943
-6.42436 106.82943
-6.42441 106.82941
-6.42444 106.8294
-6.42448 106.82938
-6.42453 106.82936
-6.42467 106.82929
-6.42472 106.82925
-6.4248 106.82919
-6.42506 106.82902
-6.42517 106.82894
-6.42529 106.82886
-6.42539 106.82879
-6.42548 106.82873
-6.42563 106.82863
-6.42651 106.82802
-6.42663 106.82794
-6.42679 106.82783
-6.42692 106.82774
-6.42704 106.82767
-6.42717 106.82758
-6.42724 106.82754
-6.42735 106.82748
-6.42746 106.82743
-6.4276 106.82737
-6.42769 106.82734
-6.42778 106.82731
-6.428 106.82725
-6.42839 106.82714
-6.42863 106.82707
-6.42897 106.82697
-6.42953 106.82683
-6.43013 106.82667
-6.43033 106.82662
-6.43042 106.8266
-6.43051 106.82657
-6.43056 106.82656
-6.43086 106.8265
-6.43105 106.82646
-6.43116 106.82644
-6.4318 106.82638
-6.43191 106.82636
-6.43204 106.82635
-6.43266 106.82629
-6.43334 106.82622
-6.43398 106.82616
-6.43557 106.826
-6.43681 106.8259
-6.43688 106.8259
-6.43857 106.82572
-6.43911 106.82566
-6.43921 106.82566
-6.43934 106.82567
-6.43956 106.82575
-6.43978 106.82587
-6.43992 106.82597
-6.43999 106.82603
-6.44011 106.82619
-6.44013 106.82622
-6.44023 106.82638
-6.44033 106.82654
-6.44057 106.82692
-6.44076 106.82721
-6.44102 106.8276
-6.44106 106.82767
-6.44126 106.82797
-6.44154 106.82838
-6.44161 106.82848
-6.44166 106.82854
-6.44168 106.82857
-6.4417 106.82859
-6.44173 106.82862
-6.44176 106.82864
-6.4418 106.82867
-6.44184 106.82871
-6.44189 106.82874
-6.44193 106.82876
-6.44197 106.82878
-6.442 106.8288
-6.44203 106.82881
-6.44207 106.82881
-6.44208 106.82882
-6.4421 106.82882
-6.44212 106.82882
-6.44213 106.82882
-6.44214 106.82882
-6.44217 106.82881
-6.44223 106.82881
-6.44233 106.82879
-6.44272 106.82875
-6.44296 106.82873
-6.44335 106.82871
-6.44354 106.82869
-6.44382 106.82873
-6.44403 106.82883
-6.44425 106.829
-6.44432 106.82907
-6.44438 106.82917
-6.44448 106.8293
-6.44454 106.8294
-6.44459 106.8295
-6.44461 106.82961
-6.44464 106.82975
-6.44465 106.82997
-6.44478 106.82981
-6.44488 106.82969
-6.44495 106.82962
-6.4452 106.82939
-6.44551 106.82914
-6.44571 106.82896
-6.44576 106.82891
-6.44595 106.82876
-6.44615 106.82853
-6.44629 106.82847
-6.44644 106.82844
-6.44664 106.8284
-6.44676 106.82836
-6.44694 106.82828
-6.4474 106.82808
-6.44751 106.82799
-6.44757 106.82794
-6.44762 106.82789
-6.44768 106.82785
-6.44774 106.82781
-6.44777 106.82779
-6.4478 106.82777
-6.44784 106.82775
-6.44787 106.82774
-6.44791 106.82773
-6.44795 106.82772
-6.44798 106.82771
-6.44802 106.82771
-6.44806 106.8277
-6.44811 106.82769
-6.44814 106.82767
-6.44822 106.82762
-6.4483 106.82728
-6.44835 106.82719
-6.44848 106.82716
-6.4485 106.82715
-6.44852 106.82714
-6.44855 106.82714
-6.44856 106.82713
-6.44857 106.82713
-6.44858 106.82713
-6.44859 106.82713
-6.44859 106.82714
-6.4486 106.82715
-6.4486 106.82716
-6.44861 106.82719
-6.44862 106.82722
-6.44863 106.82724
-6.44863 106.82725
-6.44864 106.82725
-6.44865 106.82726
-6.44866 106.82726
-6.44867 106.82726
-6.44868 106.82726
-6.4487 106.82726
-6.44874 106.82726
-6.44924 106.82716
-6.44975 106.82715
-6.44977 106.82715
-6.44986 106.82714
-6.44989 106.82714
-6.45016 106.82708
-6.4502 106.82706
-6.45021 106.82705
-6.45022 106.82704
-6.45022 106.82703
-6.45023 106.82702
-6.45024 106.82701
-6.45025 106.827
-6.45027 106.82699
-6.45029 106.82699
-6.45034 106.82697
-6.45035 106.82697
-6.45036 106.82696
-6.45037 106.82695
-6.45037 106.82694
-6.45037 106.82689
-6.45037 106.82684
-6.45037 106.82679
-6.45035 106.82674
-6.45034 106.82672
-6.45034 106.82671
-6.45034 106.8267
-6.45033 106.8267
-6.45032 106.8267
-6.45031 106.8267
-6.4503 106.8267
-6.45029 106.8267
-6.45028 106.8267
-6.45027 106.8267
-6.45026 106.8267
-6.45026 106.82671
-6.45025 106.82671
-6.45025 106.82672
-6.45025 106.82671
-6.45026 106.82671
-6.45026 106.8267
-6.45027 106.8267
-6.45028 106.8267
-6.45029 106.8267
-6.4503 106.8267
-6.45031 106.8267
-6.45032 106.8267
-6.45033 106.8267
-6.45034 106.8267
-6.45034 106.82671
-6.45034 106.82672
-6.45035 106.82674
-6.45037 106.82679
-6.45037 106.82684
-6.45037 106.82689
-6.45037 106.82694
-6.45037 106.82695
-6.45036 106.82696
-6.45035 106.82697
-6.45034 106.82697
-6.45029 106.82699
-6.45027 106.82699
-6.45025 106.827
-6.45024 106.82701
-6.45023 106.82702
-6.45022 106.82703
-6.45022 106.82704
-6.45021 106.82705
-6.4502 106.82706
-6.45016 106.82708
-6.44989 106.82714
-6.44986 106.82714
-6.44977 106.82715
-6.44975 106.82715
-6.44924 106.82716
-6.44874 106.82726
-6.4487 106.82726
-6.44868 106.82726
-6.44867 106.82726
-6.44866 106.82726
-6.44865 106.82726
-6.44864 106.82725
-6.44863 106.82725
-6.44863 106.82724
-6.44862 106.82722
-6.44861 106.82719
-6.4486 106.82716
-6.4486 106.82715
-6.44859 106.82714
-6.44859 106.82713
-6.44858 106.82713
-6.44857 106.82713
-6.44856 106.82713
-6.44855 106.82714
-6.44852 106.82714
-6.4485 106.82715
-6.44848 106.82716
-6.44835 106.82719
-6.4483 106.82728
-6.44822 106.82762
-6.44814 106.82767
-6.44811 106.82769
-6.44806 106.8277
-6.44802 106.82771
-6.44798 106.82771
-6.44795 106.82772
-6.44791 106.82773
-6.44787 106.82774
-6.44784 106.82775
-6.4478 106.82777
-6.44777 106.82779
-6.44774 106.82781
-6.44768 106.82785
-6.44762 106.82789
-6.44757 106.82794
-6.44751 106.82799
-6.4474 106.82808
-6.44694 106.82828
-6.44676 106.82836
-6.44664 106.8284
-6.44644 106.82844
-6.44629 106.82847
-6.44615 106.82853
-6.44595 106.82876
-6.44576 106.82891
-6.44571 106.82896
-6.44551 106.82914
-6.4452 106.82939
-6.44495 106.82962
-6.44488 106.82969
-6.44478 106.82981
-6.44477 106.82972
-6.44472 106.82944
-6.44468 106.82932
-6.44465 106.82926
-6.44461 106.82919
-6.44451 106.82906
-6.4444 106.82894
-6.44432 106.82887
-6.44424 106.82881
-6.44416 106.82876
-6.44384 106.82862
-6.44369 106.82858
-6.44334 106.82856
-6.4423 106.82864
-6.44222 106.82864
-6.44216 106.82863
-6.44213 106.82863
-6.44209 106.82862
-6.44206 106.82861
-6.44201 106.82859
-6.44197 106.82857
-6.44192 106.82854
-6.44186 106.82851
-6.44182 106.82847
-6.44178 106.82843
-6.44168 106.82834
-6.44159 106.82824
-6.44142 106.82802
-6.44136 106.82791
-6.44109 106.82748
-6.44084 106.82709
-6.44068 106.82685
-6.44052 106.8266
-6.44035 106.82634
-6.44026 106.8262
-6.44021 106.82612
-6.4402 106.8261
-6.44014 106.826
-6.44011 106.82597
-6.44004 106.82589
-6.43997 106.82584
-6.43983 106.82574
-6.4397 106.82566
-6.43959 106.82561
-6.43948 106.82557
-6.43939 106.82555
-6.4393 106.82554
-6.43922 106.82554
-6.43901 106.82556
-6.4387 106.82557
-6.43819 106.82562
-6.4378 106.82566
-6.43688 106.82575
-6.43558 106.82588
-6.43394 106.82604
-6.4333 106.82611
-6.43264 106.82617
-6.43203 106.82623
-6.4318 106.82626
-6.43169 106.82627
-6.43143 106.82629
-6.43129 106.82631
-6.43114 106.82633
-6.43084 106.82639
-6.43054 106.82645
-6.43032 106.82651
-6.43011 106.82656
-6.4295 106.82672
-6.42894 106.82688
-6.4286 106.82697
-6.42835 106.82704
-6.42796 106.82714
-6.42775 106.8272
-6.42766 106.82723
-6.42753 106.82727
-6.42741 106.82733
-6.42731 106.82737
-6.4272 106.82743
-6.42711 106.82748
-6.42697 106.82757
-6.42685 106.82765
-6.42673 106.82773
-6.42657 106.82785
-6.42557 106.82853
-6.42542 106.82864
-6.42533 106.8287
-6.42523 106.82876
-6.4251 106.82885
-6.425 106.82892
-6.42474 106.8291
-6.42466 106.82915
-6.42461 106.82919
-6.42448 106.82926
-6.42443 106.82928
-6.42439 106.8293
-6.42436 106.82931
-6.42432 106.82932
-6.42426 106.82933
-6.42422 106.82933
-6.42418 106.82934
-6.42404 106.82935
-6.42366 106.82938
-6.42365 106.82938
-6.42327 106.82941
-6.42323 106.82942
-6.42311 106.82943
-6.42306 106.82944
-6.42293 106.82945
-6.42286 106.82945
-6.42273 106.82944
-6.4227 106.82944
-6.42264 106.82943
-6.42261 106.82942
-6.42258 106.82941
-6.42255 106.8294
-6.42252 106.82938
-6.42248 106.82937
-6.42243 106.82934
-6.42234 106.82929
-6.42211 106.82912
-6.42193 106.829
-6.42182 106.82893
-6.42169 106.82887
-6.42158 106.82881
-6.42147 106.82877
-6.42117 106.82866
-6.42109 106.82864
-6.42083 106.82854
-6.42056 106.82843
-6.42055 106.82842
-6.42046 106.82839
-6.42005 106.8282
-6.41987 106.82813
-6.41986 106.82812
-6.41984 106.8281
-6.41969 106.82798
-6.4196 106.82786
-6.41957 106.82783
-6.41957 106.82782
-6.41951 106.82775
-6.41946 106.82766
-6.41941 106.82755
-6.41938 106.82749
-6.41935 106.82742
-6.41933 106.82737
-6.4193 106.82726
-6.41927 106.82717
-6.41923 106.82705
-6.4192 106.827
-6.41919 106.82696
-6.41917 106.8269
-6.41913 106.82684
-6.41908 106.82676
-6.41899 106.82665
-6.41892 106.82655
-6.41882 106.82643
-6.41874 106.82631
-6.41872 106.82628
-6.41869 106.82622
-6.41867 106.82616
-6.41865 106.8261
-6.41864 106.82607
-6.41863 106.82603
-6.41864 106.82601
-6.41864 106.82599
-6.41864 106.82596
-6.41865 106.82592
-6.41866 106.82585
-6.41867 106.82577
-6.41868 106.82571
-6.41868 106.82567
-6.41868 106.82562
-6.41868 106.82557
-6.41864 106.82551
-6.41862 106.82547
-6.4186 106.82544
-6.41858 106.8254
-6.41857 106.82536
-6.41855 106.82531
-6.41854 106.82526
-6.41852 106.82519
-6.4185 106.82506
-6.41847 106.8248
-6.41839 106.82414
-6.41838 106.82405
-6.41827 106.82325
-6.41824 106.82306
-6.4182 106.82287
-6.418 106.82231
-6.41799 106.82228
-6.41787 106.82194
-6.41782 106.82179
-6.41781 106.82176
-6.41781 106.82172
-6.4178 106.82169
-6.4178 106.82164
-6.41779 106.8216
-6.41779 106.82156
-6.41778 106.82152
-6.41777 106.82149
-6.41775 106.82146
-6.41773 106.82143
-6.41771 106.82141
-6.4177 106.82139
-6.41765 106.82137
-6.41758 106.82134
-6.41745 106.82132
-6.41726 106.82126
-6.41711 106.82122
-6.41666 106.82108
-6.41649 106.82103
-6.41637 106.82098
-6.41627 106.82093
-6.41619 106.82088
-6.41576 106.82062
-6.41568 106.82058
-6.41563 106.82057
-6.41556 106.82056
-6.41546 106.82055
-6.41545 106.82055
-6.41536 106.82055
-6.41522 106.82056
-6.41507 106.82058
-6.41493 106.82061
-6.4148 106.82064
-6.41442 106.82072
-6.41368 106.82089
-6.41329 106.82097
-6.41322 106.82098
-6.41317 106.82097
-6.41313 106.82096
-6.41309 106.82093
-6.41305 106.8209
-6.41299 106.82084
-6.41288 106.82072
-6.41222 106.81989
-6.4122 106.81988
-6.41211 106.81982
-6.41178 106.81946
-6.41163 106.81928
-6.41156 106.81914
-6.41155 106.81912
-6.41152 106.81907
-6.4115 106.819
-6.41147 106.8189
-6.4114 106.81857
-6.41132 106.8182
-6.41129 106.81807
-6.41126 106.818
-6.41123 106.81795
-6.4112 106.8179
-6.41118 106.81786
-6.41091 106.81759
-6.41086 106.81754
-6.41081 106.81747
-6.41076 106.81738
-6.41069 106.81722
-6.41063 106.81707
-6.41059 106.81698
-6.41055 106.81689
-6.41047 106.81676
-6.41044 106.81669
-6.41043 106.81669
-6.41007 106.81682
-6.40976 106.81692
-6.40975 106.81693
-6.40953 106.81704
-6.40913 106.81725
-6.40898 106.81734
-6.40867 106.81751
-6.40815 106.8178
-6.40756 106.81809
-6.40749 106.81813
-6.40747 106.81814
-6.40719 106.81828
-6.40693 106.81842
-6.4068 106.81849
-6.40663 106.81859
-6.40658 106.81861
-6.40644 106.81867
-6.40635 106.8187
-6.4062 106.81875
-6.40616 106.81876
-6.40603 106.81879
-6.40586 106.81883
-6.40579 106.81884
-6.40552 106.81888
-6.40472 106.81901
-6.40469 106.81901
-6.40458 106.81903
-6.40413 106.81906
-6.40406 106.81907
-6.40368 106.81904
-6.40362 106.81903
-6.40309 106.81894
-6.40275 106.8189
-6.40272 106.81889
-6.40265 106.81888
-6.40231 106.81881
-6.40178 106.81867
-6.40166 106.81864
-6.40161 106.81863
-6.40156 106.81863
-6.40144 106.81863
-6.40134 106.81863
-6.40127 106.81863
-6.40121 106.81862
-6.40116 106.81862
-6.40111 106.81863
-6.40104 106.81864
-6.4009 106.81866
-6.40059 106.8187
-6.40032 106.81877
-6.40005 106.81886
-6.39996 106.81891
-6.39993 106.81897
-6.39971 106.81917
-6.39924 106.81962
-6.39911 106.81972
-6.3987 106.82002
-6.39805 106.82043
-6.39778 106.82057
-6.39745 106.82073
-6.39668 106.82112
-6.39649 106.82122
-6.39637 106.82129
-6.39626 106.82134
-6.39615 106.8214
-6.39612 106.82142
-6.39595 106.82152
-6.39588 106.82157
-6.39586 106.82159
-6.39583 106.82161
-6.39579 106.82164
-6.39575 106.82168
-6.39571 106.82171
-6.39565 106.82177
-6.39563 106.82179
-6.3956 106.82183
-6.3947 106.82278
-6.3946 106.82287
-6.39443 106.82306
-6.3942 106.82328
-6.39414 106.82333
-6.39408 106.82338
-6.39398 106.82345
-6.39387 106.82351
-6.39376 106.82358
-6.39368 106.82363
-6.39345 106.82376
-6.39326 106.82386
-6.39315 106.82392
-6.39264 106.82419
-6.39223 106.82438
-6.39216 106.82445
-6.39191 106.82458
-6.39172 106.82468
-6.39165 106.82471
