-6.28326 106.84389
-6.28328 106.84388
-6.2833 106.84387
-6.28333 106.84386
-6.28336 106.84385
-6.28338 106.84384
-6.28341 106.84381
-6.28344 106.84378
-6.28345 106.84374
-6.28345 106.84369
-6.28345 106.84364
-6.28348 106.84346
-6.28348 106.84344
-6.28351 106.84324
-6.28353 106.84312
-6.2836 106.84311
-6.28393 106.84306
-6.2842 106.84302
-6.28501 106.84292
-6.28504 106.84291
-6.28506 106.84291
-6.28507 106.84292
-6.28509 106.84292
-6.2851 106.84293
-6.28511 106.84294
-6.28511 106.84296
-6.28511 106.84318
-6.28511 106.84323
-6.28512 106.84327
-6.28512 106.84328
-6.28513 106.8433
-6.28516 106.84334
-6.28524 106.84404
-6.28529 106.84425
-6.28534 106.84424
-6.28536 106.84424
-6.28598 106.84408
-6.28655 106.84394
-6.28665 106.84391
-6.28676 106.84388
-6.28688 106.84385
-6.28692 106.84378
-6.2872 106.84371
-6.28771 106.84358
-6.28789 106.84355
-6.28795 106.84355
-6.28801 106.84355
-6.28823 106.84356
-6.28826 106.84356
-6.28827 106.84356
-6.28829 106.84356
-6.28837 106.84358
-6.28842 106.84358
-6.28847 106.84358
-6.28851 106.84358
-6.28854 106.84358
-6.28859 106.84357
-6.28863 106.84356
-6.28873 106.84352
-6.28899 106.8434
-6.28946 106.84322
-6.29002 106.84297
-6.29028 106.84289
-6.29035 106.84286
-6.29046 106.84282
-6.29113 106.84256
-6.29126 106.84251
-6.29177 106.8423
-6.29215 106.84216
-6.29347 106.84159
-6.29388 106.84144
-6.29473 106.84113
-6.29497 106.84105
-6.2953 106.84095
-6.2961 106.84077
-6.29623 106.84075
-6.29697 106.84061
-6.29724 106.84056
-6.29729 106.84055
-6.29744 106.84052
-6.29747 106.84056
-6.29748 106.84058
-6.29749 106.84059
-6.2975 106.8406
-6.29752 106.84061
-6.29755 106.84061
-6.29758 106.84062
-6.29763 106.84062
-6.29774 106.84061
-6.29803 106.84061
-6.29826 106.84061
-6.29842 106.84062
-6.29855 106.84062
-6.29864 106.84062
-6.29891 106.84067
-6.29911 106.8407
-6.29943 106.84077
-6.29956 106.8408
-6.29979 106.84083
-6.29992 106.84085
-6.30034 106.84092
-6.30058 106.84098
-6.30073 106.841
-6.30081 106.841
-6.30104 106.84103
-6.30122 106.84106
-6.30128 106.84106
-6.30187 106.84113
-6.30206 106.84113
-6.30226 106.84109
-6.30235 106.84107
-6.30257 106.84104
-6.30268 106.84101
-6.30282 106.84099
-6.30283 106.84105
-6.3029 106.84147
-6.30295 106.8417
-6.30297 106.84181
-6.30305 106.84223
-6.3031 106.84251
-6.30312 106.84255
-6.30312 106.84257
-6.30313 106.8426
-6.30315 106.84261
-6.30316 106.84263
-6.30318 106.84264
-6.30322 106.84267
-6.30326 106.84281
-6.30336 106.84351
-6.3034 106.8437
-6.3034 106.84375
-6.30342 106.84389
-6.30344 106.84411
-6.30348 106.84449
-6.30355 106.84509
-6.30367 106.84611
-6.3038 106.84657
-6.30388 106.84711
-6.30391 106.84748
-6.30392 106.84773
-6.30394 106.84797
-6.30394 106.84809
-6.30395 106.8483
-6.30397 106.84861
-6.30398 106.84885
-6.30404 106.84984
-6.30404 106.84991
-6.30406 106.85032
-6.30407 106.85041
-6.30409 106.85077
-6.30407 106.85103
-6.30407 106.85106
-6.30406 106.85109
-6.30405 106.85112
-6.30404 106.85113
-6.30401 106.85117
-6.30374 106.85145
-6.30339 106.85177
-6.30313 106.85211
-6.30306 106.85222
-6.30275 106.85297
-6.30271 106.85307
-6.30268 106.85318
-6.30268 106.85321
-6.30265 106.85332
-6.30263 106.85349
-6.30263 106.85352
-6.30258 106.85418
-6.30254 106.85502
-6.30252 106.85532
-6.30251 106.85556
-6.30249 106.85586
-6.30248 106.85603
-6.30248 106.85626
-6.30244 106.85696
-6.30241 106.85729
-6.30239 106.8576
-6.30238 106.85787
-6.30235 106.85835
-6.30231 106.8589
-6.30231 106.85896
-6.30232 106.85901
-6.3024 106.85902
-6.30297 106.85911
-6.30374 106.85917
-6.30395 106.85918
-6.30422 106.85919
-6.30441 106.8592
-6.30453 106.8592
-6.30461 106.8592
-6.30491 106.85917
-6.30497 106.85916
-6.30504 106.85916
-6.30515 106.85916
-6.3053 106.85916
-6.30541 106.85916
-6.30549 106.85916
-6.3055 106.85916
-6.30555 106.85916
-6.30561 106.85917
-6.30565 106.85917
-6.3057 106.85917
-6.30573 106.85918
-6.30577 106.85918
-6.30581 106.85918
-6.30583 106.85918
-6.30589 106.85918
-6.30636 106.85919
-6.30671 106.85921
-6.30716 106.85921
-6.30735 106.85922
-6.30824 106.85924
-6.30934 106.85929
-6.30954 106.85932
-6.30974 106.85933
-6.30985 106.85934
-6.30999 106.85936
-6.3105 106.85945
-6.31074 106.85949
-6.31099 106.85954
-6.31175 106.85968
-6.31183 106.85969
-6.31186 106.85969
-6.31192 106.8597
-6.31195 106.8597
-6.31198 106.85972
-6.312 106.85973
-6.31201 106.85975
-6.3125 106.86032
-6.31254 106.86037
-6.31263 106.86049
-6.31226 106.86103
-6.31261 106.86149
-6.31314 106.86133
-6.31324 106.86137
-6.31327 106.8614
-6.31328 106.86142
-6.31329 106.86145
-6.3133 106.86148
-6.31331 106.86153
-6.31332 106.86186
-6.31329 106.86225
-6.31368 106.86237
-6.31427 106.86255
-6.31573 106.86303
-6.31698 106.86348
-6.31711 106.86353
-6.31716 106.86355
-6.31722 106.86357
-6.31731 106.86361
-6.31732 106.86356
-6.31733 106.86351
-6.31734 106.86346
-6.31734 106.86343
-6.31734 106.86328
-6.31734 106.86316
-6.31734 106.86303
-6.31733 106.8627
-6.31729 106.86222
-6.31728 106.86205
-6.31729 106.86193
-6.31729 106.86185
-6.31732 106.8615
-6.31733 106.86108
-6.31733 106.86102
-6.31733 106.86096
-6.31732 106.86084
-6.31732 106.86079
-6.31731 106.86075
-6.3173 106.8607
-6.31755 106.86059
-6.31773 106.8605
-6.31783 106.86045
-6.31789 106.86042
-6.31791 106.86041
-6.31792 106.86039
-6.31793 106.86037
-6.31794 106.86036
-6.31794 106.86035
-6.31794 106.86033
-6.31793 106.86031
-6.31792 106.86029
-6.31784 106.8601
-6.31761 106.85949
-6.3176 106.85946
-6.3176 106.85944
-6.3176 106.85943
-6.3176 106.85942
-6.3176 106.85941
-6.31761 106.8594
-6.31761 106.85938
-6.31762 106.85937
-6.31763 106.85935
-6.3177 106.85929
-6.31776 106.85921
-6.3179 106.85906
-6.31805 106.85892
-6.31811 106.85886
-6.31829 106.85873
-6.31837 106.85867
-6.31842 106.85863
-6.31847 106.8586
-6.31849 106.85858
-6.31852 106.85854
-6.31855 106.8585
-6.31857 106.85846
-6.3186 106.85842
-6.31862 106.8584
-6.31865 106.85839
-6.31868 106.85838
-6.31875 106.85836
-6.31904 106.85834
-6.31915 106.85832
-6.31949 106.85827
-6.31954 106.85826
-6.31986 106.8582
-6.32003 106.85816
-6.32023 106.85814
-6.32058 106.85811
-6.32085 106.85807
-6.32086 106.85807
-6.32115 106.85801
-6.32132 106.85797
-6.32175 106.85782
-6.3221 106.85771
-6.32226 106.85763
-6.3221 106.85771
-6.32175 106.85782
-6.32132 106.85797
-6.32115 106.85801
-6.32086 106.85807
-6.32085 106.85807
-6.32058 106.85811
-6.32023 106.85814
-6.32003 106.85816
-6.31986 106.8582
-6.31954 106.85826
-6.31949 106.85827
-6.31915 106.85832
-6.31904 106.85834
-6.31875 106.85836
-6.31868 106.85838
-6.31865 106.85839
-6.31862 106.8584
-6.3186 106.85842
-6.31857 106.85846
-6.31855 106.8585
-6.31852 106.85854
-6.31849 106.85858
-6.31847 106.8586
-6.31842 106.85863
-6.31837 106.85867
-6.31829 106.85873
-6.31811 106.85886
-6.31805 106.85892
-6.3179 106.85906
-6.31776 106.85921
-6.3177 106.85929
-6.31763 106.85935
-6.31762 106.85937
-6.31761 106.85938
-6.31761 106.8594
-6.3176 106.85941
-6.3176 106.85942
-6.3176 106.85943
-6.3176 106.85944
-6.3176 106.85946
-6.31761 106.85949
-6.31784 106.8601
-6.31792 106.86029
-6.31793 106.86031
-6.31794 106.86033
-6.31794 106.86035
-6.31794 106.86036
-6.31793 106.86037
-6.31792 106.86039
-6.31791 106.86041
-6.31789 106.86042
-6.31783 106.86045
-6.31773 106.8605
-6.31755 106.86059
-6.3173 106.8607
-6.31731 106.86075
-6.31732 106.86079
-6.31732 106.86084
-6.31733 106.86096
-6.31733 106.86102
-6.31733 106.86108
-6.31732 106.8615
-6.31729 106.86185
-6.31729 106.86193
-6.31728 106.86205
-6.31729 106.86222
-6.31733 106.8627
-6.31734 106.86303
-6.31734 106.86316
-6.31734 106.86328
-6.31734 106.86343
-6.31734 106.86346
-6.31733 106.86351
-6.31732 106.86356
-6.31731 106.86361
-6.31722 106.86357
-6.31716 106.86355
-6.31711 106.86353
-6.31698 106.86348
-6.31573 106.86303
-6.31557 106.86344
-6.31502 106.86325
-6.31458 106.86309
-6.31405 106.86292
-6.31367 106.86282
-6.31327 106.8627
-6.31273 106.86258
-6.31243 106.86251
-6.31237 106.86251
-6.31229 106.8625
-6.31218 106.8625
-6.31154 106.86248
-6.31144 106.86248
-6.31134 106.86249
-6.31092 106.86254
-6.31071 106.86258
-6.31055 106.86262
-6.31035 106.86268
-6.31022 106.86274
-6.31003 106.86282
-6.30988 106.86289
-6.30963 106.86304
-6.30958 106.86307
-6.30944 106.86316
-6.30933 106.86325
-6.30924 106.86328
-6.30914 106.86332
-6.30841 106.86373
-6.30753 106.86422
-6.30688 106.86459
-6.30663 106.86473
-6.30656 106.86477
-6.30642 106.86453
-6.30622 106.86403
-6.30612 106.86381
-6.30602 106.86358
-6.30597 106.86345
-6.30591 106.86331
-6.30586 106.86315
-6.30581 106.86296
-6.30573 106.86262
-6.30571 106.86247
-6.3057 106.86233
-6.30569 106.86217
-6.30565 106.8617
-6.30564 106.86152
-6.30564 106.86115
-6.30563 106.86047
-6.30563 106.86045
-6.30563 106.86044
-6.30563 106.86042
-6.30562 106.86041
-6.30562 106.8604
-6.30561 106.86039
-6.30557 106.86033
-6.30559 106.86009
-6.30562 106.8598
-6.30562 106.85969
-6.30563 106.8594
-6.30563 106.85934
-6.30563 106.85928
-6.30565 106.8591
-6.30566 106.85899
-6.30566 106.85896
-6.30575 106.85782
-6.30574 106.85746
-6.30572 106.85713
-6.30571 106.85691
-6.3057 106.85676
-6.30559 106.85607
-6.30539 106.85538
-6.30534 106.85524
-6.30515 106.85472
-6.30508 106.85453
-6.30502 106.85435
-6.3049 106.85403
-6.30481 106.85378
-6.30462 106.85322
-6.30458 106.85304
-6.30449 106.85252
-6.30443 106.85186
-6.3044 106.8512
-6.30439 106.85097
-6.30438 106.85088
-6.30438 106.85078
-6.30437 106.85064
-6.30436 106.85059
-6.30436 106.85049
-6.30435 106.85032
-6.30436 106.85023
-6.30429 106.84912
-6.30423 106.84832
-6.30422 106.8483
-6.30422 106.84828
-6.30421 106.84806
-6.30412 106.84696
-6.30409 106.8466
-6.30409 106.84654
-6.30408 106.84645
-6.30407 106.84635
-6.30413 106.84619
-6.30413 106.84615
-6.3041 106.84567
-6.30407 106.84539
-6.30401 106.84484
-6.30393 106.84433
-6.30391 106.84417
-6.3039 106.84405
-6.30389 106.844
-6.30389 106.84396
-6.30391 106.84374
-6.30388 106.84339
-6.30383 106.84306
-6.30377 106.84292
-6.30374 106.84284
-6.30372 106.84273
-6.30369 106.84259
-6.30366 106.84239
-6.30365 106.84233
-6.30362 106.84213
-6.30359 106.84202
-6.30357 106.8419
-6.30354 106.84178
-6.3035 106.84159
-6.30331 106.84058
-6.30321 106.84006
-6.30312 106.84005
-6.30308 106.84004
-6.30299 106.84005
-6.30296 106.84005
-6.30294 106.84005
-6.3029 106.84006
-6.30285 106.8401
-6.3029 106.84043
-6.30285 106.84051
-6.30284 106.84052
-6.30282 106.84057
-6.30281 106.84061
-6.30281 106.84065
-6.30281 106.84071
-6.30282 106.84099
-6.30268 106.84101
-6.30257 106.84104
-6.30235 106.84107
-6.30226 106.84109
-6.30206 106.84113
-6.30187 106.84113
-6.30128 106.84106
-6.30122 106.84106
-6.30104 106.84103
-6.30081 106.841
-6.30073 106.841
-6.30058 106.84098
-6.30034 106.84092
-6.29992 106.84085
-6.29979 106.84083
-6.29956 106.8408
-6.29943 106.84077
-6.29911 106.8407
-6.29891 106.84067
-6.29864 106.84062
-6.29855 106.84062
-6.29842 106.84062
-6.29837 106.84044
-6.29835 106.84029
-6.29835 106.84025
-6.29833 106.84013
-6.29748 106.84022
-6.29657 106.84037
-6.29564 106.8406
-6.29531 106.84067
-6.29513 106.84072
-6.2951 106.84073
-6.29484 106.84084
-6.29438 106.841
-6.29366 106.84125
-6.29357 106.84129
-6.29329 106.8414
-6.29266 106.84168
-6.2911 106.84227
-6.29031 106.84262
-6.28956 106.84292
-6.28837 106.84339
-6.28819 106.84344
-6.28793 106.84347
-6.28785 106.84348
-6.28765 106.84353
-6.28722 106.84361
-6.28689 106.84369
-6.28683 106.84371
-6.28675 106.8437
-6.2867 106.84371
-6.28667 106.84371
-6.28662 106.84372
-6.28656 106.84373
-6.28649 106.84375
-6.2861 106.84385
-6.28538 106.844
-6.28531 106.84402
-6.28524 106.84404
-6.28509 106.84407
-6.28493 106.8441
-6.28467 106.84414
-6.28447 106.84417
-6.28327 106.8444
-6.28321 106.84407
-6.28319 106.84402
-6.28319 106.844
-6.28319 106.84397
-6.28319 106.84395
-6.2832 106.84394
-6.28321 106.84392
-6.28323 106.84391
-6.28326 106.84389
