-6.39165 106.82471
-6.39035 106.8254
-6.3903 106.82538
-6.39029 106.82538
-6.39028 106.82537
-6.39024 106.82535
-6.39023 106.82534
-6.3902 106.82532
-6.39016 106.82528
-6.39017 106.82463
-6.39019 106.82462
-6.39019 106.82461
-6.3902 106.82461
-6.3902 106.8246
-6.39021 106.8246
-6.39021 106.82459
-6.39022 106.82458
-6.39022 106.82456
-6.39023 106.82453
-6.39035 106.82297
-6.39036 106.82253
-6.39035 106.82253
-6.39035 106.82252
-6.39034 106.82252
-6.39034 106.82251
-6.39033 106.82251
-6.39032 106.8225
-6.39031 106.8225
-6.3903 106.82249
-6.39015 106.82249
-6.39015 106.8225
-6.39013 106.8225
-6.39012 106.82251
-6.39011 106.82251
-6.39004 106.82364
-6.39004 106.82452
-6.39005 106.82453
-6.39005 106.82454
-6.39006 106.82457
-6.39009 106.82463
-6.39007 106.82549
-6.39012 106.82561
-6.39017 106.82558
-6.39019 106.82558
-6.39063 106.82537
-6.3914 106.82496
-6.39145 106.82494
-6.39161 106.82484
-6.39162 106.82484
-6.39228 106.82446
-6.3926 106.82433
-6.39276 106.82422
-6.39315 106.82406
-6.39382 106.82369
-6.39383 106.82368
-6.39392 106.82362
-6.39401 106.82357
-6.39421 106.82342
-6.39422 106.82342
-6.39451 106.82317
-6.39572 106.82189
-6.39572 106.82188
-6.39598 106.82168
-6.39602 106.82166
-6.39622 106.82151
-6.39658 106.82134
-6.39812 106.82054
-6.39859 106.82025
-6.39884 106.82002
-6.39899 106.81993
-6.39916 106.81981
-6.39918 106.8198
-6.39957 106.81945
-6.39976 106.81925
-6.39979 106.81921
-6.39991 106.81908
-6.40002 106.81899
-6.39983 106.81872
-6.3998 106.81866
-6.3998 106.81864
-6.39979 106.81862
-6.39978 106.81843
-6.39979 106.8178
-6.39975 106.8173
-6.39975 106.81687
-6.39972 106.81653
-6.3997 106.816
-6.39966 106.81566
-6.39962 106.81543
-6.39958 106.81526
-6.39957 106.81518
-6.39937 106.81435
-6.39907 106.81338
-6.39909 106.81336
-6.39915 106.81319
-6.39915 106.81308
-6.39834 106.81058
-6.39829 106.81045
-6.39807 106.80967
-6.39797 106.80937
-6.39774 106.80879
-6.39763 106.80846
-6.39759 106.80828
-6.39757 106.80822
-6.39749 106.80787
-6.39744 106.80753
-6.39723 106.80654
-6.39719 106.80641
-6.39717 106.80631
-6.39712 106.80617
-6.3971 106.80613
-6.3971 106.80611
-6.39646 106.80492
-6.39628 106.80453
-6.39605 106.80397
-6.39573 106.80328
-6.3957 106.80319
-6.39562 106.80301
-6.39552 106.80289
-6.39545 106.80284
-6.3953 106.80276
-6.39521 106.80272
-6.39484 106.8026
-6.39479 106.80259
-6.39474 106.80256
-6.39473 106.80254
-6.39472 106.80253
-6.39469 106.80247
-6.39468 106.80244
-6.39465 106.80212
-6.39455 106.80152
-6.39455 106.80134
-6.39498 106.80003
-6.39501 106.7998
-6.39502 106.79956
-6.39496 106.79752
-6.39493 106.79719
-6.39475 106.79604
-6.39463 106.79507
-6.39461 106.79481
-6.3946 106.7948
-6.3945 106.79373
-6.39442 106.79329
-6.39423 106.79155
-6.39422 106.7915
-6.39416 106.79012
-6.39421 106.78935
-6.39421 106.78911
-6.3942 106.78904
-6.3942 106.78899
-6.39417 106.78889
-6.39398 106.7886
-6.39394 106.78852
-6.39388 106.78833
-6.39388 106.7882
-6.39394 106.78781
-6.39408 106.78733
-6.3949 106.78514
-6.39506 106.78464
-6.39548 106.78295
-6.3956 106.78238
-6.39561 106.78235
-6.39574 106.78156
-6.39577 106.78122
-6.39582 106.78028
-6.39593 106.77929
-6.39601 106.77806
-6.39601 106.77764
-6.396 106.77756
-6.396 106.77749
-6.39608 106.77677
-6.39612 106.77574
-6.39613 106.77571
-6.39613 106.77569
-6.39616 106.77564
-6.39615 106.77563
-6.39611 106.77553
-6.39548 106.77438
-6.39545 106.77431
-6.39537 106.77416
-6.39515 106.77393
-6.39472 106.7731
-6.39462 106.77286
-6.39468 106.77281
-6.39476 106.77276
-6.39479 106.77275
-6.39528 106.77265
-6.39538 106.77262
-6.39546 106.77258
-6.39571 106.77238
-6.39581 106.77232
-6.39601 106.77217
-6.39606 106.77214
-6.39637 106.7719
-6.39655 106.7718
-6.39684 106.77173
-6.39695 106.77172
-6.39777 106.77171
-6.39794 106.77172
-6.39911 106.77169
-6.40044 106.7717
-6.40062 106.77169
-6.40095 106.77164
-6.40111 106.77159
-6.40165 106.77135
-6.40216 106.77109
-6.40265 106.77087
-6.40283 106.7708
-6.4029 106.77078
-6.40307 106.77071
-6.40319 106.77062
-6.40327 106.77052
-6.40342 106.77021
-6.40345 106.7701
-6.40347 106.76994
-6.40347 106.7697
-6.40344 106.76944
-6.40341 106.76902
-6.40332 106.76823
-6.40331 106.76803
-6.40329 106.76792
-6.40329 106.76784
-6.40328 106.76773
-6.40328 106.76759
-6.40331 106.76746
-6.40346 106.7671
-6.40351 106.76695
-6.40353 106.76684
-6.40352 106.76672
-6.40352 106.76662
-6.40348 106.7663
-6.40349 106.76625
-6.40349 106.76621
-6.40351 106.76616
-6.40352 106.76612
-6.40359 106.76597
-6.40373 106.76574
-6.40387 106.76556
-6.40431 106.76506
-6.40452 106.76479
-6.40459 106.76468
-6.40473 106.76442
-6.40475 106.76437
-6.40492 106.76405
-6.40499 106.76389
-6.40506 106.76369
-6.40518 106.76325
-6.40531 106.76236
-6.40531 106.76229
-6.40535 106.76214
-6.40563 106.76134
-6.40573 106.76113
-6.40582 106.76091
-6.40583 106.76085
-6.40588 106.76067
-6.4059 106.76042
-6.40589 106.76029
-6.40589 106.76015
-6.40585 106.76002
-6.40579 106.75988
-6.40576 106.75983
-6.40558 106.75936
-6.40546 106.75892
-6.40544 106.75882
-6.40543 106.75873
-6.40543 106.75865
-6.40545 106.75852
-6.40564 106.75815
-6.40569 106.75802
-6.40571 106.75798
-6.40572 106.75793
-6.40572 106.75749
-6.40574 106.75745
-6.40576 106.75739
-6.40602 106.75714
-6.40645 106.7568
-6.40663 106.75664
-6.40678 106.75654
-6.40733 106.75609
-6.40745 106.75591
-6.40749 106.75582
-6.40752 106.75573
-6.40755 106.75559
-6.40758 106.75539
-6.4076 106.75513
-6.40759 106.75467
-6.40756 106.75427
-6.40751 106.75398
-6.40749 106.75393
-6.40744 106.75371
-6.40685 106.75169
-6.4063 106.75001
-6.4063 106.75
-6.40614 106.74956
-6.406 106.74906
-6.40577 106.74834
-6.40565 106.74744
-6.40556 106.74628
-6.40554 106.74619
-6.40535 106.74497
-6.40529 106.74442
-6.40529 106.74439
-6.40526 106.74423
-6.40524 106.74407
-6.40519 106.74387
-6.40518 106.74385
-6.4051 106.74349
-6.40507 106.74331
-6.40501 106.74311
-6.40501 106.74308
-6.40479 106.74232
-6.40457 106.74173
-6.40504 106.74164
-6.40534 106.74156
-6.40544 106.74154
-6.40558 106.7415
-6.40572 106.74145
-6.40585 106.74136
-6.40591 106.74131
-6.406 106.74122
-6.40607 106.74113
-6.40626 106.74081
-6.40632 106.74068
-6.40634 106.74065
-6.40639 106.74042
-6.4064 106.74022
-6.40639 106.74009
-6.40638 106.74004
-6.40638 106.73981
-6.40636 106.73958
-6.40621 106.73849
-6.40621 106.73834
-6.4062 106.73831
-6.4062 106.73815
-6.40621 106.73803
-6.40623 106.73795
-6.40627 106.73784
-6.40638 106.7376
-6.40653 106.7374
-6.4066 106.73733
-6.40661 106.73731
-6.40672 106.73723
-6.40681 106.73719
-6.40689 106.73714
-6.40701 106.73709
-6.40712 106.73703
-6.40733 106.73695
-6.40733 106.73694
-6.40783 106.73675
-6.4081 106.73668
-6.40854 106.73652
-6.40875 106.73642
-6.40883 106.7364
-6.40941 106.7362
-6.41219 106.73504
-6.41295 106.73476
-6.41296 106.73476
-6.41319 106.73468
-6.4132 106.73468
-6.41351 106.73459
-6.41374 106.73455
-6.41423 106.73443
-6.41885 106.73347
-6.42213 106.73273
-6.42265 106.73256
-6.42262 106.73247
-6.42239 106.73218
-6.42371 106.72968
-6.42376 106.72961
-6.42384 106.72945
-6.42389 106.72939
-6.42391 106.72934
-6.4243 106.7286
-6.42432 106.72855
-6.42527 106.72684
-6.42543 106.72661
-6.42588 106.72604
-6.42643 106.7253
-6.4271 106.72449
-6.42715 106.72444
-6.42782 106.72356
-6.42785 106.72351
-6.42817 106.72312
-6.42822 106.72304
-6.42844 106.72276
-6.42847 106.72271
-6.42873 106.72238
-6.42901 106.72198
-6.42902 106.72195
-6.42922 106.72166
-6.42962 106.72117
-6.42977 106.72097
-6.43003 106.72066
-6.43076 106.71968
-6.43078 106.71963
-6.43083 106.71946
-6.43091 106.71905
-6.43106 106.7179
-6.43111 106.71791
-6.43116 106.71791
-6.43124 106.71795
-6.43136 106.71803
-6.43142 106.71805
-6.43167 106.71804
-6.43172 106.71805
-6.43192 106.71803
-6.43195 106.71802
-6.43218 106.71798
-6.43238 106.71796
-6.43264 106.71792
-6.43283 106.71792
-6.4337 106.71788
-6.43379 106.71787
-6.43384 106.71785
-6.43425 106.71783
-6.43453 106.71786
-6.43463 106.71789
-6.43472 106.71799
-6.43489 106.71814
-6.43495 106.71818
-6.435 106.7182
-6.43505 106.71821
-6.43508 106.71822
-6.43543 106.71825
-6.43595 106.71827
-6.43598 106.71826
-6.436 106.71826
-6.43601 106.71825
-6.43603 106.71824
-6.43604 106.71823
-6.43604 106.71822
-6.43606 106.71817
-6.43606 106.7179
-6.43622 106.71789
-6.43624 106.71787
-6.43624 106.71786
-6.43625 106.71784
-6.43625 106.71746
-6.43623 106.71715
-6.43625 106.71746
-6.43625 106.71784
-6.43624 106.71786
-6.43624 106.71787
-6.43622 106.71789
-6.43606 106.7179
-6.43606 106.71817
-6.43604 106.71822
-6.43604 106.71823
-6.43603 106.71824
-6.43601 106.71825
-6.436 106.71826
-6.43598 106.71826
-6.43595 106.71827
-6.43543 106.71825
-6.43508 106.71822
-6.43505 106.71821
-6.435 106.7182
-6.43495 106.71818
-6.43489 106.71814
-6.43472 106.71799
-6.43463 106.71789
-6.43453 106.71786
-6.43425 106.71783
-6.43384 106.71785
-6.43379 106.71784
-6.4327 106.71785
-6.43264 106.71786
-6.43258 106.71786
-6.43194 106.71796
-6.43191 106.71796
-6.43171 106.718
-6.43167 106.71804
-6.43142 106.71805
-6.43136 106.71803
-6.43124 106.71795
-6.43116 106.71791
-6.43111 106.71791
-6.43106 106.7179
-6.43091 106.71905
-6.43083 106.71946
-6.43078 106.71963
-6.43076 106.71968
-6.43003 106.72066
-6.42977 106.72097
-6.42962 106.72117
-6.42922 106.72166
-6.42902 106.72195
-6.42901 106.72198
-6.42873 106.72238
-6.42847 106.72271
-6.42844 106.72276
-6.42822 106.72304
-6.42817 106.72312
-6.42785 106.72351
-6.42782 106.72356
-6.42715 106.72444
-6.4271 106.72449
-6.42643 106.7253
-6.42588 106.72604
-6.42543 106.72661
-6.42527 106.72684
-6.42432 106.72855
-6.4243 106.7286
-6.42391 106.72934
-6.42389 106.72939
-6.42384 106.72945
-6.42376 106.72961
-6.42371 106.72968
-6.42247 106.73204
-6.42219 106.73251
-6.42216 106.73257
-6.4221 106.73264
-6.41883 106.73338
-6.41663 106.73384
-6.4164 106.73392
-6.41544 106.73411
-6.41523 106.73413
-6.41421 106.73434
-6.41372 106.73446
-6.41348 106.7345
-6.41317 106.7346
-6.41316 106.7346
-6.41293 106.73467
-6.41292 106.73468
-6.41227 106.73491
-6.40952 106.73606
-6.4088 106.73634
-6.40828 106.73651
-6.40809 106.73659
-6.40729 106.73686
-6.40697 106.737
-6.40664 106.73718
-6.40655 106.73725
-6.40653 106.73726
-6.40646 106.73733
-6.40631 106.73755
-6.40619 106.7378
-6.40613 106.738
-6.40612 106.73813
-6.40612 106.73832
-6.40613 106.73848
-6.40629 106.73982
-6.40629 106.74004
-6.40631 106.74018
-6.40631 106.74039
-6.40629 106.74051
-6.40625 106.74066
-6.40611 106.74092
-6.40594 106.74116
-6.4058 106.7413
-6.40558 106.74142
-6.40552 106.74144
-6.40528 106.74149
-6.40504 106.74156
-6.40473 106.7416
-6.40456 106.74164
-6.40457 106.74173
-6.40479 106.74232
-6.40501 106.74308
-6.40501 106.74311
-6.40507 106.74331
-6.4051 106.74349
-6.40518 106.74385
-6.40519 106.74387
-6.40524 106.74407
-6.40526 106.74423
-6.40529 106.74439
-6.40529 106.74442
-6.40535 106.74497
-6.40554 106.74619
-6.40556 106.74628
-6.40565 106.74744
-6.40577 106.74834
-6.406 106.74906
-6.40614 106.74956
-6.4063 106.75
-6.4063 106.75001
-6.40685 106.75169
-6.40744 106.75371
-6.40749 106.75393
-6.40751 106.75398
-6.40756 106.75427
-6.40759 106.75467
-6.4076 106.75513
-6.40758 106.75539
-6.40755 106.75559
-6.40752 106.75573
-6.40749 106.75582
-6.40745 106.75591
-6.40733 106.75609
-6.40678 106.75654
-6.40663 106.75664
-6.40645 106.7568
-6.40602 106.75714
-6.40576 106.75739
-6.40574 106.75745
-6.40572 106.75749
-6.40572 106.75793
-6.40571 106.75798
-6.40569 106.75802
-6.40564 106.75815
-6.40545 106.75852
-6.40543 106.75865
-6.40543 106.75873
-6.40544 106.75882
-6.40546 106.75892
-6.40558 106.75936
-6.40576 106.75983
-6.40579 106.75988
-6.40585 106.76002
-6.40589 106.76015
-6.40589 106.76029
-6.4059 106.76042
-6.40588 106.76067
-6.40583 106.76085
-6.40582 106.76091
-6.40573 106.76113
-6.40563 106.76134
-6.40535 106.76214
-6.40531 106.76229
-6.40531 106.76236
-6.40518 106.76325
-6.40506 106.76369
-6.40499 106.76389
-6.40492 106.76405
-6.40475 106.76437
-6.40473 106.76442
-6.40459 106.76468
-6.40452 106.76479
-6.40431 106.76506
-6.40387 106.76556
-6.40373 106.76574
-6.40359 106.76597
-6.40352 106.76612
-6.40351 106.76616
-6.40349 106.76621
-6.40349 106.76625
-6.40348 106.7663
-6.40352 106.76662
-6.40352 106.76672
-6.40353 106.76684
-6.40351 106.76695
-6.40346 106.7671
-6.40331 106.76746
-6.40328 106.76759
-6.40328 106.76773
-6.40329 106.76784
-6.40329 106.76792
-6.40331 106.76803
-6.40332 106.76823
-6.40341 106.76902
-6.40344 106.76944
-6.40347 106.7697
-6.40347 106.76994
-6.40345 106.7701
-6.40342 106.77021
-6.40327 106.77052
-6.40319 106.77062
-6.40307 106.77071
-6.4029 106.77078
-6.40283 106.7708
-6.40265 106.77087
-6.40216 106.77109
-6.40165 106.77135
-6.40111 106.77159
-6.40095 106.77164
-6.40062 106.77169
-6.40044 106.7717
-6.39911 106.77169
-6.39794 106.77172
-6.39777 106.77171
-6.39695 106.77172
-6.39684 106.77173
-6.39655 106.7718
-6.39637 106.7719
-6.39606 106.77214
-6.39601 106.77217
-6.39581 106.77232
-6.39571 106.77238
-6.39546 106.77258
-6.39538 106.77262
-6.39528 106.77265
-6.39479 106.77275
-6.39476 106.77276
-6.39468 106.77281
-6.39462 106.77286
-6.39472 106.7731
-6.39515 106.77393
-6.39537 106.77416
-6.39545 106.77431
-6.39548 106.77438
-6.39611 106.77553
-6.39615 106.77563
-6.39616 106.77564
-6.39613 106.77569
-6.39613 106.77571
-6.39612 106.77574
-6.39608 106.77677
-6.396 106.77749
-6.396 106.77756
-6.39601 106.77764
-6.39601 106.77806
-6.39593 106.77929
-6.39582 106.78028
-6.39577 106.78122
-6.39574 106.78156
-6.39561 106.78235
-6.3956 106.78238
-6.39548 106.78295
-6.39506 106.78464
-6.3949 106.78514
-6.39408 106.78733
-6.39394 106.78781
-6.39388 106.7882
-6.39388 106.78833
-6.39394 106.78852
-6.39398 106.7886
-6.39417 106.78889
-6.3942 106.78899
-6.3942 106.78904
-6.39421 106.78911
-6.39421 106.78935
-6.39416 106.79012
-6.39422 106.7915
-6.39423 106.79155
-6.39442 106.79329
-6.3945 106.79373
-6.3946 106.7948
-6.39461 106.79481
-6.39463 106.79507
-6.39475 106.79604
-6.39493 106.79719
-6.39496 106.79752
-6.39502 106.79956
-6.39501 106.7998
-6.39498 106.80003
-6.39455 106.80134
-6.39455 106.80152
-6.39465 106.80212
-6.39468 106.80244
-6.39469 106.80247
-6.39472 106.80253
-6.39473 106.80254
-6.39474 106.80256
-6.39479 106.80259
-6.39484 106.8026
-6.39521 106.80272
-6.3953 106.80276
-6.39545 106.80284
-6.39552 106.80289
-6.39562 106.80301
-6.3957 106.80319
-6.39573 106.80328
-6.39605 106.80397
-6.39628 106.80453
-6.39646 106.80492
-6.3971 106.80611
-6.3971 106.80613
-6.39712 106.80617
-6.39717 106.80631
-6.39719 106.80641
-6.39723 106.80654
-6.39744 106.80753
-6.39749 106.80787
-6.39757 106.80822
-6.39759 106.80828
-6.39763 106.80846
-6.39774 106.80879
-6.39797 106.80937
-6.39807 106.80967
-6.39829 106.81045
-6.39834 106.81058
-6.39915 106.81308
-6.39915 106.81319
-6.39909 106.81336
-6.39903 106.81343
-6.39901 106.81344
-6.3994 106.81474
-6.39953 106.81531
-6.39959 106.81568
-6.3996 106.8157
-6.3996 106.81577
-6.39963 106.81613
-6.39963 106.81628
-6.39967 106.81694
-6.39971 106.81772
-6.39971 106.81788
-6.39972 106.81804
-6.39971 106.8183
-6.39974 106.81863
-6.39974 106.81868
-6.39975 106.8187
-6.39975 106.81871
-6.39978 106.81877
-6.39987 106.8189
-6.39993 106.81897
-6.39924 106.81962
-6.3987 106.82002
-6.39805 106.82043
-6.39649 106.82122
-6.39637 106.82129
-6.39626 106.82134
-6.39595 106.82152
-6.39588 106.82157
-6.39586 106.82159
-6.39579 106.82164
-6.39575 106.82168
-6.39571 106.82171
-6.39563 106.82179
-6.3956 106.82183
-6.3947 106.82278
-6.3946 106.82287
-6.39443 106.82306
-6.3942 106.82328
-6.39408 106.82338
-6.39398 106.82345
-6.39387 106.82351
-6.39368 106.82363
-6.39264 106.82419
-6.39223 106.82438
-6.39216 106.82445
-6.39172 106.82468
-6.39165 106.82471
