-6.39165 106.82471
-6.39035 106.8254
-6.3903 106.82538
-6.39029 106.82538
-6.39028 106.82537
-6.39024 106.82535
-6.39023 106.82534
-6.3902 106.82532
-6.39016 106.82528
-6.39024 106.82242
-6.3902 106.82225
-6.39018 106.82219
-6.39016 106.82208
-6.39015 106.82197
-6.39014 106.82192
-6.39014 106.82188
-6.39001 106.82129
-6.38992 106.821
-6.38989 106.82093
-6.38981 106.82086
-6.38917 106.81954
-6.389 106.81913
-6.38892 106.81835
-6.38889 106.81817
-6.38887 106.81789
-6.38887 106.81772
-6.38894 106.81665
-6.38898 106.81629
-6.38901 106.81582
-6.38901 106.81553
-6.38888 106.81461
-6.38888 106.81455
-6.38885 106.81421
-6.39047 106.81439
-6.39067 106.81443
-6.39169 106.81456
-6.39175 106.81456
-6.39263 106.81468
-6.39298 106.81471
-6.39309 106.8147
-6.39318 106.8147
-6.394 106.81456
-6.39525 106.8143
-6.39724 106.81382
-6.3988 106.81353
-6.39895 106.81347
-6.39898 106.81345
-6.39903 106.81343
-6.39909 106.81336
-6.39915 106.81319
-6.39915 106.81308
-6.39834 106.81058
-6.39829 106.81045
-6.39807 106.80967
-6.39797 106.80937
-6.39774 106.80879
-6.39763 106.80846
-6.39759 106.80828
-6.39757 106.80822
-6.39749 106.80787
-6.39744 106.80753
-6.39723 106.80654
-6.39719 106.80641
-6.39717 106.80631
-6.39712 106.80617
-6.3971 106.80613
-6.3971 106.80611
-6.39646 106.80492
-6.39628 106.80453
-6.39605 106.80397
-6.39573 106.80328
-6.3957 106.80319
-6.39562 106.80301
-6.39552 106.80289
-6.39545 106.80284
-6.39521 106.80272
-6.39484 106.8026
-6.39479 106.80259
-6.39474 106.80256
-6.39473 106.80254
-6.39472 106.80253
-6.39469 106.80247
-6.39468 106.80244
-6.39465 106.80212
-6.39455 106.80152
-6.39455 106.80134
-6.39498 106.80003
-6.39501 106.7998
-6.39502 106.79956
-6.39497 106.79772
-6.39414 106.7978
-6.3941 106.7978
-6.39408 106.79779
-6.39406 106.79779
-6.39404 106.79777
-6.39392 106.79771
-6.3939 106.79769
-6.39369 106.7977
-6.39354 106.79772
-6.39338 106.79773
-6.39332 106.79772
-6.39304 106.79773
-6.39263 106.79778
-6.39207 106.79776
-6.39199 106.79778
-6.39196 106.79777
-6.39147 106.79784
-6.39107 106.79786
-6.39059 106.79786
-6.39063 106.79759
-6.39066 106.7975
-6.39068 106.7973
-6.39068 106.79711
-6.39008 106.79714
-6.39068 106.79711
-6.39059 106.79626
-6.39055 106.79509
-6.39061 106.79463
-6.39026 106.79454
-6.39018 106.79451
-6.39014 106.7945
-6.38988 106.79438
-6.38984 106.79435
-6.38976 106.79431
-6.38963 106.79422
-6.38954 106.79414
-6.38946 106.79408
-6.38916 106.79379
-6.38874 106.7933
-6.38871 106.79328
-6.38837 106.79296
-6.38809 106.79278
-6.3877 106.79245
-6.38766 106.7924
-6.38727 106.79205
-6.38696 106.79183
-6.38653 106.79157
-6.38619 106.79142
-6.38478 106.79098
-6.38472 106.79098
-6.38449 106.79096
-6.3841 106.79087
-6.38408 106.79086
-6.38345 106.79066
-6.38321 106.79061
-6.38299 106.79059
-6.38258 106.79053
-6.38166 106.79045
-6.38125 106.79044
-6.37976 106.7903
-6.37973 106.79024
-6.37969 106.79018
-6.37967 106.79016
-6.37942 106.79014
-6.37917 106.79009
-6.37905 106.7901
-6.37874 106.7901
-6.37728 106.78999
-6.37667 106.78999
-6.37616 106.79001
-6.37493 106.79
-6.37418 106.78996
-6.37389 106.78996
-6.37351 106.78993
-6.37305 106.78992
-6.37301 106.78993
-6.373 106.78993
-6.37297 106.78994
-6.37282 106.79002
-6.37254 106.79019
-6.37243 106.79024
-6.37237 106.79025
-6.37234 106.79026
-6.37211 106.79037
-6.3719 106.7905
-6.37125 106.79096
-6.37108 106.79106
-6.37104 106.79109
-6.37071 106.79139
-6.37055 106.79149
-6.37049 106.79151
-6.37048 106.79152
-6.37035 106.79155
-6.37029 106.79157
-6.37004 106.7916
-6.36915 106.7916
-6.36879 106.79156
-6.36695 106.79114
-6.36657 106.79102
-6.3664 106.79099
-6.36577 106.7908
-6.36554 106.79075
-6.36551 106.79075
-6.3654 106.79073
-6.36532 106.79073
-6.36495 106.7907
-6.36486 106.7907
-6.36481 106.79071
-6.36479 106.79071
-6.36411 106.79082
-6.36329 106.79098
-6.36312 106.79103
-6.36311 106.79103
-6.36296 106.79109
-6.36183 106.79143
-6.36179 106.79143
-6.36173 106.79144
-6.36147 106.79146
-6.36121 106.79146
-6.36111 106.79147
-6.36099 106.79145
-6.36097 106.79145
-6.36091 106.79144
-6.36031 106.79126
-6.36015 106.79123
-6.35874 106.79112
-6.35825 106.79103
-6.35765 106.79096
-6.35739 106.79095
-6.35718 106.79093
-6.35714 106.79092
-6.35708 106.79092
-6.35702 106.79093
-6.35694 106.79093
-6.35605 106.79106
-6.35551 106.7911
-6.35536 106.79113
-6.35535 106.79113
-6.35525 106.79118
-6.35504 106.79125
-6.35412 106.79144
-6.35387 106.79148
-6.35366 106.79148
-6.35361 106.79147
-6.35357 106.79147
-6.35349 106.79145
-6.35277 106.79134
-6.35261 106.79134
-6.35218 106.79145
-6.35217 106.79146
-6.35212 106.79147
-6.35187 106.7916
-6.35172 106.79171
-6.35168 106.79175
-6.35154 106.79185
-6.35097 106.79209
-6.35077 106.79215
-6.35048 106.79219
-6.35032 106.79219
-6.3502 106.79217
-6.35014 106.79215
-6.35012 106.79215
-6.34988 106.79208
-6.34984 106.79206
-6.34981 106.79205
-6.3498 106.79204
-6.34977 106.79203
-6.34931 106.79178
-6.34909 106.79172
-6.34876 106.79166
-6.34847 106.79166
-6.3475 106.79175
-6.34547 106.7921
-6.3449 106.79215
-6.34432 106.79216
-6.34427 106.79217
-6.34421 106.79217
-6.34399 106.79221
-6.3438 106.79223
-6.34374 106.79223
-6.34257 106.79242
-6.34237 106.79247
-6.34202 106.79251
-6.3416 106.79259
-6.34151 106.7926
-6.34108 106.79268
-6.34106 106.79269
-6.34098 106.7927
-6.34075 106.79278
-6.34068 106.79282
-6.34059 106.79289
-6.34032 106.79313
-6.34008 106.79331
-6.34006 106.79333
-6.33979 106.79349
-6.33965 106.79326
-6.3396 106.79322
-6.33955 106.79317
-6.33948 106.79312
-6.33945 106.79311
-6.33941 106.79309
-6.33903 106.793
-6.33819 106.79276
-6.33808 106.7927
-6.33791 106.79264
-6.33781 106.79259
-6.33776 106.79255
-6.33763 106.79241
-6.33738 106.79205
-6.33737 106.79204
-6.33594 106.78968
-6.33572 106.78924
-6.33611 106.78903
-6.33615 106.78899
-6.33615 106.78897
-6.33614 106.78896
-6.33609 106.7888
-6.33609 106.78878
-6.3361 106.78877
-6.3361 106.78876
-6.33624 106.7887
-6.3361 106.78876
-6.3361 106.78877
-6.33609 106.78878
-6.33609 106.7888
-6.33614 106.78896
-6.33615 106.78897
-6.33615 106.78899
-6.33611 106.78903
-6.33572 106.78924
-6.33481 106.78724
-6.33453 106.78658
-6.33445 106.78628
-6.33441 106.78601
-6.33441 106.78593
-6.33438 106.78567
-6.33424 106.78513
-6.33356 106.78327
-6.3335 106.78314
-6.33347 106.7831
-6.33334 106.78298
-6.33332 106.78288
-6.33552 106.78206
-6.33682 106.78163
-6.33689 106.7816
-6.33724 106.78137
-6.33737 106.78135
-6.33743 106.78131
-6.34002 106.78001
-6.34014 106.77997
-6.3406 106.77973
-6.34075 106.77971
-6.34082 106.77972
-6.34086 106.77972
-6.34093 106.7797
-6.34132 106.77952
-6.34137 106.77951
-6.34141 106.77949
-6.34152 106.77948
-6.34181 106.77942
-6.34188 106.77939
-6.34286 106.77888
-6.34289 106.77886
-6.34513 106.7778
-6.34514 106.77769
-6.34516 106.77764
-6.34518 106.77761
-6.34524 106.77755
-6.34528 106.77754
-6.3462 106.77701
-6.34708 106.77657
-6.34709 106.77656
-6.34706 106.7765
-6.34683 106.77568
-6.34619 106.77503
-6.34622 106.77497
-6.34626 106.77478
-6.34651 106.7742
-6.34656 106.77402
-6.34658 106.77385
-6.34658 106.77374
-6.34657 106.77362
-6.34654 106.77354
-6.34632 106.77264
-6.34634 106.77264
-6.34635 106.77263
-6.34635 106.77262
-6.34637 106.7726
-6.34638 106.7726
-6.34638 106.77259
-6.34639 106.77258
-6.34639 106.77257
-6.3464 106.77255
-6.3464 106.77253
-6.34641 106.77252
-6.34641 106.77249
-6.3464 106.77247
-6.3464 106.77244
-6.34717 106.77227
-6.34721 106.77223
-6.34723 106.7722
-6.34703 106.77091
-6.34673 106.76954
-6.34671 106.76937
-6.34665 106.76913
-6.34655 106.76888
-6.34648 106.7688
-6.3464 106.76875
-6.34628 106.76871
-6.34613 106.76864
-6.34597 106.76845
-6.34543 106.76743
-6.3454 106.76742
-6.34536 106.76742
-6.34529 106.76744
-6.34504 106.76754
-6.34501 106.76756
-6.34501 106.76755
-6.345 106.76755
-6.345 106.76754
-6.34497 106.76751
-6.34496 106.76751
-6.34496 106.7675
-6.34495 106.7675
-6.34468 106.76608
-6.34447 106.76538
-6.34462 106.76538
-6.34484 106.76536
-6.34705 106.76497
-6.34713 106.76495
-6.34721 106.76492
-6.34729 106.7648
-6.3473 106.76475
-6.3473 106.76464
-6.34678 106.76221
-6.34673 106.76204
-6.34664 106.7619
-6.34655 106.76178
-6.34642 106.76165
-6.34532 106.76097
-6.34504 106.76076
-6.34493 106.76065
-6.34485 106.76054
-6.34477 106.76037
-6.34467 106.76004
-6.34464 106.75983
-6.34467 106.75971
-6.34471 106.75961
-6.34478 106.75939
-6.34489 106.75897
-6.34499 106.7582
-6.345 106.75718
-6.34498 106.757
-6.34498 106.75695
-6.34497 106.75691
-6.34497 106.75686
-6.34491 106.75638
-6.34492 106.75616
-6.34494 106.7561
-6.34494 106.75608
-6.34495 106.75606
-6.34527 106.75513
-6.34574 106.7539
-6.34592 106.75355
-6.34613 106.75318
-6.34661 106.75224
-6.34667 106.75208
-6.34675 106.75147
-6.34689 106.74976
-6.34689 106.74967
-6.34496 106.74966
-6.3447 106.74967
-6.34462 106.74972
-6.34023 106.74977
-6.3397 106.74975
-6.33882 106.74968
-6.33708 106.74944
-6.33699 106.74941
-6.33664 106.74932
-6.33651 106.7493
-6.33649 106.74929
-6.33646 106.74929
-6.33456 106.74899
-6.33113 106.74856
-6.33105 106.74854
-6.33081 106.7485
-6.33054 106.74842
-6.33033 106.74833
-6.33023 106.74826
-6.33015 106.74822
-6.33014 106.7482
-6.32996 106.74809
-6.32994 106.74807
-6.32981 106.748
-6.32939 106.7477
-6.32936 106.74769
-6.32934 106.74767
-6.32923 106.7476
-6.32882 106.74742
-6.32877 106.74741
-6.32873 106.74739
-6.32851 106.74735
-6.32848 106.74734
-6.3272 106.74713
-6.32717 106.74712
-6.32505 106.74678
-6.325 106.74674
-6.32497 106.7467
-6.32494 106.74668
-6.32488 106.74646
-6.32492 106.74482
-6.32489 106.74437
-6.32486 106.74426
-6.32482 106.74422
-6.32477 106.74418
-6.3248 106.74409
-6.32482 106.74405
-6.32495 106.7436
-6.32565 106.74158
-6.32596 106.74078
-6.32607 106.74058
-6.3255 106.74055
-6.32522 106.74055
-6.32481 106.74049
-6.32469 106.74044
-6.32465 106.74043
-6.32458 106.74036
-6.32458 106.74035
-6.32455 106.74032
-6.32453 106.74024
-6.32452 106.74022
-6.32452 106.74018
-6.32444 106.73943
-6.32437 106.73903
-6.32429 106.73877
-6.32421 106.73842
-6.32418 106.73821
-6.32419 106.73782
-6.32417 106.73772
-6.32415 106.73768
-6.32414 106.73767
-6.32413 106.73765
-6.32408 106.73762
-6.324 106.7376
-6.32303 106.73751
-6.3229 106.73751
-6.32218 106.73686
-6.32183 106.73652
-6.32177 106.73647
-6.32175 106.73646
-6.3217 106.73642
-6.32162 106.73639
-6.32159 106.73639
-6.32154 106.73638
-6.32077 106.73635
-6.32011 106.73635
-6.31979 106.73638
-6.3197 106.7364
-6.31939 106.73651
-6.31927 106.73654
-6.31872 106.73659
-6.31866 106.73659
-6.31863 106.73658
-6.3186 106.73656
-6.31856 106.73652
-6.31855 106.73648
-6.31848 106.73636
-6.31847 106.73633
-6.31842 106.7363
-6.31815 106.7363
-6.31732 106.73644
-6.31724 106.73631
-6.3172 106.73629
-6.31694 106.7361
-6.31678 106.73595
-6.31672 106.73587
-6.31663 106.73571
-6.3163 106.7353
-6.31604 106.73503
-6.31582 106.7349
-6.31529 106.73465
-6.31503 106.73455
-6.31458 106.73441
-6.31441 106.73433
-6.31419 106.73417
-6.31401 106.73397
-6.3137 106.73351
-6.31367 106.73342
-6.31356 106.73323
-6.31343 106.73309
-6.31315 106.73285
-6.31311 106.73278
-6.31305 106.7326
-6.31302 106.73245
-6.31301 106.73234
-6.31303 106.73159
-6.3131 106.73096
-6.31311 106.73052
-6.31309 106.7303
-6.31309 106.73022
-6.31306 106.73001
-6.31302 106.72988
-6.31283 106.72942
-6.31277 106.72915
-6.31273 106.72807
-6.31271 106.72794
-6.31267 106.72781
-6.31266 106.72779
-6.31258 106.72769
-6.31247 106.7276
-6.31221 106.72746
-6.3116 106.72717
-6.31153 106.72713
-6.31147 106.72711
-6.31135 106.72703
-6.31128 106.72695
-6.31125 106.7269
-6.3112 106.72675
-6.31115 106.72643
-6.31114 106.72631
-6.3109 106.72483
-6.31089 106.72463
-6.3109 106.72458
-6.3109 106.72456
-6.31095 106.72441
-6.31105 106.72387
-6.31102 106.72304
-6.3111 106.72223
-6.31101 106.72215
-6.31087 106.72196
-6.31039 106.72117
-6.31038 106.72116
-6.31024 106.72087
-6.31003 106.72048
-6.31002 106.72048
-6.30978 106.72002
-6.30969 106.71979
-6.30959 106.71964
-6.30949 106.71955
-6.30944 106.71952
-6.309 106.71935
-6.30899 106.71934
-6.30874 106.71926
-6.30869 106.71923
-6.30839 106.71912
-6.30822 106.71904
-6.308 106.71897
-6.30734 106.71888
-6.30737 106.71856
-6.30743 106.7183
-6.3075 106.71814
-6.3076 106.71802
-6.30781 106.7179
-6.30784 106.71787
-6.30785 106.71785
-6.30785 106.71784
-6.30786 106.71783
-6.30786 106.71781
-6.30788 106.71773
-6.30789 106.71764
-6.30789 106.71758
-6.30789 106.71764
-6.30788 106.71773
-6.30786 106.71781
-6.30786 106.71783
-6.30785 106.71784
-6.30785 106.71785
-6.30784 106.71787
-6.30781 106.7179
-6.3076 106.71802
-6.3075 106.71814
-6.30743 106.7183
-6.30737 106.71856
-6.30734 106.71888
-6.308 106.71897
-6.30822 106.71904
-6.30839 106.71912
-6.30869 106.71923
-6.30874 106.71926
-6.30899 106.71934
-6.309 106.71935
-6.30944 106.71952
-6.30949 106.71955
-6.30959 106.71964
-6.30969 106.71979
-6.30978 106.72002
-6.31002 106.72048
-6.31003 106.72048
-6.31024 106.72087
-6.31038 106.72116
-6.31039 106.72117
-6.31087 106.72196
-6.31101 106.72215
-6.3111 106.72223
-6.31102 106.72304
-6.31105 106.72387
-6.31095 106.72441
-6.3109 106.72456
-6.3109 106.72458
-6.31089 106.72463
-6.3109 106.72483
-6.31114 106.72631
-6.31115 106.72643
-6.3112 106.72675
-6.31125 106.7269
-6.31128 106.72695
-6.31135 106.72703
-6.31147 106.72711
-6.31153 106.72713
-6.3116 106.72717
-6.31221 106.72746
-6.31247 106.7276
-6.31258 106.72769
-6.31266 106.72779
-6.31267 106.72781
-6.31271 106.72794
-6.31273 106.72807
-6.31277 106.72915
-6.31283 106.72942
-6.31302 106.72988
-6.31306 106.73001
-6.31309 106.73022
-6.31309 106.7303
-6.31311 106.73052
-6.3131 106.73096
-6.31303 106.73159
-6.31301 106.73234
-6.31302 106.73245
-6.31305 106.7326
-6.31311 106.73278
-6.31315 106.73285
-6.31343 106.73309
-6.31356 106.73323
-6.31367 106.73342
-6.3137 106.73351
-6.31401 106.73397
-6.31419 106.73417
-6.31441 106.73433
-6.31458 106.73441
-6.31503 106.73455
-6.31529 106.73465
-6.31582 106.7349
-6.31604 106.73503
-6.3163 106.7353
-6.31663 106.73571
-6.31672 106.73587
-6.31678 106.73595
-6.31694 106.7361
-6.3172 106.73629
-6.31724 106.73631
-6.31732 106.73644
-6.31815 106.7363
-6.31842 106.7363
-6.31847 106.73633
-6.31848 106.73636
-6.31855 106.73648
-6.31856 106.73652
-6.3186 106.73656
-6.31863 106.73658
-6.31866 106.73659
-6.31872 106.73659
-6.31927 106.73654
-6.31939 106.73651
-6.3197 106.7364
-6.31979 106.73638
-6.32011 106.73635
-6.32077 106.73635
-6.32154 106.73638
-6.32159 106.73639
-6.32162 106.73639
-6.3217 106.73642
-6.32175 106.73646
-6.32177 106.73647
-6.32183 106.73652
-6.32218 106.73686
-6.3229 106.73751
-6.32303 106.73751
-6.324 106.7376
-6.32408 106.73762
-6.32413 106.73765
-6.32414 106.73767
-6.32415 106.73768
-6.32417 106.73772
-6.32419 106.73782
-6.32418 106.73821
-6.32421 106.73842
-6.32429 106.73877
-6.32437 106.73903
-6.32444 106.73943
-6.32452 106.74018
-6.32452 106.74022
-6.32453 106.74024
-6.32455 106.74032
-6.32458 106.74035
-6.32458 106.74036
-6.32465 106.74043
-6.32469 106.74044
-6.32481 106.74049
-6.32522 106.74055
-6.3255 106.74055
-6.32607 106.74058
-6.32596 106.74078
-6.32565 106.74158
-6.32495 106.7436
-6.32482 106.74405
-6.3248 106.74409
-6.32457 106.74475
-6.32448 106.74491
-6.32441 106.745
-6.32436 106.74505
-6.3243 106.74509
-6.32422 106.74513
-6.32406 106.74517
-6.32369 106.74524
-6.32171 106.7455
-6.32166 106.7455
-6.3213 106.74557
-6.32057 106.74581
-6.32056 106.74585
-6.32056 106.74591
-6.3206 106.74601
-6.32106 106.74614
-6.32185 106.74632
-6.32411 106.7466
-6.32459 106.74671
-6.32717 106.74712
-6.3272 106.74713
-6.32848 106.74734
-6.32851 106.74735
-6.32873 106.74739
-6.32877 106.74741
-6.32882 106.74742
-6.32923 106.7476
-6.32934 106.74767
-6.32936 106.74769
-6.32939 106.7477
-6.32981 106.748
-6.32994 106.74807
-6.32996 106.74809
-6.33014 106.7482
-6.33015 106.74822
-6.33023 106.74826
-6.33033 106.74833
-6.33054 106.74842
-6.33081 106.7485
-6.33105 106.74854
-6.33113 106.74856
-6.33456 106.74899
-6.33646 106.74929
-6.33649 106.74929
-6.33651 106.7493
-6.33664 106.74932
-6.33699 106.74941
-6.33708 106.74944
-6.33882 106.74968
-6.3397 106.74975
-6.34023 106.74977
-6.34462 106.74972
-6.3447 106.74976
-6.34496 106.74975
-6.34584 106.74976
-6.34624 106.74975
-6.34689 106.74976
-6.34675 106.75147
-6.34667 106.75208
-6.34661 106.75224
-6.34613 106.75318
-6.34592 106.75355
-6.34574 106.7539
-6.34527 106.75513
-6.34495 106.75606
-6.34494 106.75608
-6.34494 106.7561
-6.34492 106.75616
-6.34491 106.75638
-6.34497 106.75686
-6.34497 106.75691
-6.34498 106.75695
-6.34498 106.757
-6.345 106.75718
-6.34499 106.7582
-6.34489 106.75897
-6.34478 106.75939
-6.34471 106.75961
-6.34467 106.75971
-6.34464 106.75983
-6.34467 106.76004
-6.34477 106.76037
-6.34485 106.76054
-6.34493 106.76065
-6.34504 106.76076
-6.34532 106.76097
-6.34642 106.76165
-6.34655 106.76178
-6.34664 106.7619
-6.34673 106.76204
-6.34678 106.76221
-6.3473 106.76464
-6.3473 106.76475
-6.34729 106.7648
-6.34721 106.76492
-6.34713 106.76495
-6.34705 106.76497
-6.34484 106.76536
-6.34462 106.76538
-6.34447 106.76538
-6.34438 106.76539
-6.34479 106.76753
-6.34477 106.76755
-6.34477 106.76756
-6.34476 106.76757
-6.34476 106.76759
-6.34475 106.7676
-6.34475 106.76764
-6.34476 106.76765
-6.34476 106.76767
-6.34477 106.76768
-6.34477 106.76769
-6.34478 106.7677
-6.34478 106.76771
-6.34479 106.76771
-6.34481 106.76773
-6.34482 106.76773
-6.34482 106.76774
-6.34484 106.76774
-6.34484 106.76775
-6.34493 106.76775
-6.34493 106.76774
-6.34495 106.76774
-6.34497 106.76772
-6.34498 106.76772
-6.34498 106.76771
-6.34499 106.76771
-6.34499 106.7677
-6.345 106.7677
-6.345 106.76769
-6.34501 106.76768
-6.34501 106.76767
-6.34502 106.76766
-6.34502 106.76758
-6.34501 106.76757
-6.34501 106.76756
-6.34504 106.76754
-6.34529 106.76744
-6.34536 106.76742
-6.3454 106.76742
-6.34543 106.76743
-6.34597 106.76845
-6.34613 106.76864
-6.34628 106.76871
-6.3464 106.76875
-6.34648 106.7688
-6.34655 106.76888
-6.34665 106.76913
-6.34671 106.76937
-6.34673 106.76954
-6.34703 106.77091
-6.34723 106.7722
-6.34721 106.77223
-6.34717 106.77227
-6.3464 106.77244
-6.34639 106.77244
-6.34639 106.77243
-6.34638 106.77242
-6.34638 106.77241
-6.34636 106.77239
-6.34636 106.77238
-6.34635 106.77238
-6.34633 106.77236
-6.34632 106.77236
-6.3463 106.77235
-6.34629 106.77235
-6.34628 106.77234
-6.34621 106.77234
-6.3462 106.77235
-6.34618 106.77235
-6.34616 106.77237
-6.34615 106.77237
-6.34611 106.77241
-6.34611 106.77242
-6.3461 106.77243
-6.3461 106.77244
-6.34609 106.77245
-6.34609 106.77248
-6.34608 106.77249
-6.34608 106.77252
-6.34609 106.77253
-6.34609 106.77255
-6.3461 106.77257
-6.3461 106.77258
-6.34611 106.77259
-6.34611 106.7726
-6.34612 106.77261
-6.34613 106.77261
-6.34616 106.77264
-6.34617 106.77264
-6.34618 106.77265
-6.34619 106.77265
-6.3462 106.77266
-6.34622 106.77266
-6.34644 106.77358
-6.34647 106.77367
-6.34648 106.77378
-6.34647 106.7739
-6.34647 106.77399
-6.34643 106.77412
-6.3464 106.77418
-6.3464 106.77421
-6.3463 106.77441
-6.34619 106.77468
-6.34616 106.77483
-6.34615 106.77495
-6.34619 106.77503
-6.34683 106.77568
-6.34706 106.7765
-6.34658 106.77674
-6.34619 106.77696
-6.34618 106.77696
-6.34508 106.77754
-6.34146 106.7793
-6.34017 106.77987
-6.3374 106.78125
-6.33734 106.78129
-6.33724 106.78137
-6.33689 106.7816
-6.33682 106.78163
-6.33552 106.78206
-6.33325 106.78291
-6.33334 106.78298
-6.33347 106.7831
-6.3335 106.78314
-6.33356 106.78327
-6.33424 106.78513
-6.33438 106.78567
-6.33441 106.78593
-6.33441 106.78601
-6.33445 106.78628
-6.33453 106.78658
-6.33481 106.78724
-6.33572 106.78924
-6.33611 106.78903
-6.33615 106.78899
-6.33615 106.78897
-6.33614 106.78896
-6.33609 106.7888
-6.33609 106.78878
-6.3361 106.78877
-6.3361 106.78876
-6.33624 106.7887
-6.3361 106.78876
-6.3361 106.78877
-6.33609 106.78878
-6.33609 106.7888
-6.33614 106.78896
-6.33615 106.78897
-6.33615 106.78899
-6.33611 106.78903
-6.33572 106.78924
-6.33594 106.78968
-6.33737 106.79204
-6.33738 106.79205
-6.33763 106.79241
-6.33776 106.79255
-6.33781 106.79259
-6.33791 106.79264
-6.33808 106.7927
-6.33819 106.79276
-6.33903 106.793
-6.33941 106.79309
-6.33945 106.79311
-6.33948 106.79312
-6.33955 106.79317
-6.3396 106.79322
-6.33965 106.79326
-6.33979 106.79349
-6.34006 106.79333
-6.34008 106.79331
-6.34032 106.79313
-6.34059 106.79289
-6.34068 106.79282
-6.34075 106.79278
-6.34098 106.7927
-6.34106 106.79269
-6.34108 106.79268
-6.34151 106.7926
-6.3416 106.79259
-6.34202 106.79251
-6.34237 106.79247
-6.34257 106.79242
-6.34374 106.79223
-6.3438 106.79223
-6.34399 106.79221
-6.34421 106.79217
-6.34427 106.79217
-6.34432 106.79216
-6.3449 106.79215
-6.34547 106.7921
-6.3475 106.79175
-6.34847 106.79166
-6.34876 106.79166
-6.34909 106.79172
-6.34931 106.79178
-6.34977 106.79203
-6.3498 106.79204
-6.34981 106.79205
-6.34984 106.79206
-6.34988 106.79208
-6.35012 106.79215
-6.35014 106.79215
-6.3502 106.79217
-6.35032 106.79219
-6.35048 106.79219
-6.35077 106.79215
-6.35097 106.79209
-6.35154 106.79185
-6.35168 106.79175
-6.35172 106.79171
-6.35187 106.7916
-6.35212 106.79147
-6.35217 106.79146
-6.35218 106.79145
-6.35261 106.79134
-6.35277 106.79134
-6.35349 106.79145
-6.35357 106.79147
-6.35361 106.79147
-6.35366 106.79148
-6.35387 106.79148
-6.35412 106.79144
-6.35504 106.79125
-6.35525 106.79118
-6.35535 106.79113
-6.35536 106.79113
-6.35551 106.7911
-6.35605 106.79106
-6.35694 106.79093
-6.35702 106.79093
-6.35708 106.79092
-6.35714 106.79092
-6.35718 106.79093
-6.35739 106.79095
-6.35765 106.79096
-6.35825 106.79103
-6.35874 106.79112
-6.36015 106.79123
-6.36031 106.79126
-6.36091 106.79144
-6.36097 106.79145
-6.36099 106.79145
-6.36111 106.79147
-6.36121 106.79146
-6.36147 106.79146
-6.36173 106.79144
-6.36179 106.79143
-6.36183 106.79143
-6.36296 106.79109
-6.36311 106.79103
-6.36312 106.79103
-6.36329 106.79098
-6.36411 106.79082
-6.36479 106.79071
-6.36481 106.79071
-6.36486 106.7907
-6.36495 106.7907
-6.36532 106.79073
-6.3654 106.79073
-6.36551 106.79075
-6.36554 106.79075
-6.36577 106.7908
-6.3664 106.79099
-6.36657 106.79102
-6.36695 106.79114
-6.36879 106.79156
-6.36915 106.7916
-6.37004 106.7916
-6.37029 106.79157
-6.37035 106.79155
-6.37048 106.79152
-6.37049 106.79151
-6.37055 106.79149
-6.37071 106.79139
-6.37104 106.79109
-6.37108 106.79106
-6.37125 106.79096
-6.3719 106.7905
-6.37211 106.79037
-6.37234 106.79026
-6.37237 106.79025
-6.37243 106.79024
-6.37254 106.79019
-6.37282 106.79002
-6.37297 106.78994
-6.373 106.78993
-6.37301 106.78993
-6.37305 106.78992
-6.37351 106.78993
-6.37389 106.78996
-6.37418 106.78996
-6.37493 106.79
-6.37616 106.79001
-6.37667 106.78999
-6.37728 106.78999
-6.37874 106.7901
-6.37905 106.7901
-6.37917 106.79009
-6.37942 106.79014
-6.37967 106.79016
-6.37969 106.79018
-6.37973 106.79024
-6.37976 106.7903
-6.38125 106.79044
-6.38166 106.79045
-6.38258 106.79053
-6.38299 106.79059
-6.38321 106.79061
-6.38345 106.79066
-6.38408 106.79086
-6.3841 106.79087
-6.38449 106.79096
-6.38472 106.79098
-6.38478 106.79098
-6.38619 106.79142
-6.38653 106.79157
-6.38696 106.79183
-6.38727 106.79205
-6.38766 106.7924
-6.3877 106.79245
-6.38809 106.79278
-6.38837 106.79296
-6.38871 106.79328
-6.38874 106.7933
-6.38916 106.79379
-6.38946 106.79408
-6.38954 106.79414
-6.38963 106.79422
-6.38976 106.79431
-6.38984 106.79435
-6.38988 106.79438
-6.39014 106.7945
-6.39018 106.79451
-6.39026 106.79454
-6.39061 106.79463
-6.39055 106.79509
-6.39059 106.79626
-6.39068 106.79711
-6.39008 106.79714
-6.39068 106.79711
-6.39068 106.7973
-6.39066 106.7975
-6.39063 106.79759
-6.39059 106.79786
-6.39107 106.79786
-6.39147 106.79784
-6.39196 106.79777
-6.39199 106.79778
-6.39207 106.79776
-6.39263 106.79778
-6.39304 106.79773
-6.39332 106.79772
-6.39338 106.79773
-6.39354 106.79772
-6.39369 106.7977
-6.3939 106.79769
-6.39392 106.79771
-6.39404 106.79777
-6.39406 106.79779
-6.39408 106.79779
-6.3941 106.7978
-6.39414 106.7978
-6.39497 106.79772
-6.39502 106.79956
-6.39501 106.7998
-6.39498 106.80003
-6.39455 106.80134
-6.39455 106.80152
-6.39465 106.80212
-6.39468 106.80244
-6.39469 106.80247
-6.39472 106.80253
-6.39473 106.80254
-6.39474 106.80256
-6.39479 106.80259
-6.39484 106.8026
-6.39521 106.80272
-6.39545 106.80284
-6.39552 106.80289
-6.39562 106.80301
-6.3957 106.80319
-6.39573 106.80328
-6.39605 106.80397
-6.39628 106.80453
-6.39646 106.80492
-6.3971 106.80611
-6.3971 106.80613
-6.39712 106.80617
-6.39717 106.80631
-6.39719 106.80641
-6.39723 106.80654
-6.39744 106.80753
-6.39749 106.80787
-6.39757 106.80822
-6.39759 106.80828
-6.39763 106.80846
-6.39774 106.80879
-6.39797 106.80937
-6.39807 106.80967
-6.39829 106.81045
-6.39834 106.81058
-6.39915 106.81308
-6.39915 106.81319
-6.39909 106.81336
-6.39903 106.81343
-6.39901 106.81344
-6.3994 106.81474
-6.39953 106.81531
-6.39959 106.81568
-6.3996 106.8157
-6.3996 106.81577
-6.39963 106.81613
-6.39963 106.81628
-6.39972 106.81804
-6.39971 106.8183
-6.39974 106.81863
-6.39974 106.81868
-6.39975 106.8187
-6.39975 106.81871
-6.39978 106.81877
-6.39987 106.8189
-6.39993 106.81897
-6.39924 106.81962
-6.3987 106.82002
-6.39805 106.82043
-6.39649 106.82122
-6.39637 106.82129
-6.39626 106.82134
-6.39595 106.82152
-6.39588 106.82157
-6.39586 106.82159
-6.39579 106.82164
-6.39575 106.82168
-6.39571 106.82171
-6.39563 106.82179
-6.3956 106.82183
-6.3947 106.82278
-6.3946 106.82287
-6.39443 106.82306
-6.3942 106.82328
-6.39408 106.82338
-6.39398 106.82345
-6.39368 106.82363
-6.39264 106.82419
-6.39223 106.82438
-6.39216 106.82445
-6.39172 106.82468
-6.39165 106.82471
