-6.39165 106.82471
-6.39035 106.8254
-6.39016 106.82547
-6.39007 106.82549
-6.38974 106.82571
-6.38929 106.82593
-6.38836 106.82648
-6.38827 106.82656
-6.38806 106.82669
-6.38767 106.82698
-6.38703 106.82756
-6.38657 106.82801
-6.38629 106.82823
-6.38611 106.82834
-6.3859 106.82845
-6.38556 106.8286
-6.38538 106.82866
-6.38369 106.82934
-6.38321 106.82957
-6.38243 106.82987
-6.38242 106.82987
-6.38235 106.82989
-6.38227 106.82994
-6.38213 106.82997
-6.37805 106.83154
-6.37741 106.83174
-6.37691 106.83185
-6.37682 106.83184
-6.37669 106.83188
-6.37565 106.83212
-6.37499 106.8322
-6.37488 106.83223
-6.37475 106.83223
-6.37435 106.83232
-6.37429 106.83232
-6.37421 106.83235
-6.37389 106.83243
-6.37374 106.83249
-6.37309 106.8327
-6.37274 106.83278
-6.37255 106.83284
-6.3716 106.83306
-6.37109 106.8332
-6.36959 106.83371
-6.3687 106.83395
-6.36832 106.834
-6.36801 106.834
-6.36621 106.8339
-6.36431 106.83371
-6.36356 106.83358
-6.36178 106.83343
-6.3613 106.83336
-6.36106 106.8333
-6.36088 106.83327
-6.35823 106.83253
-6.35679 106.83209
-6.35638 106.83201
-6.35631 106.83199
-6.35625 106.83199
-6.35619 106.83198
-6.35518 106.83195
-6.35516 106.83196
-6.35515 106.83196
-6.35513 106.83197
-6.35508 106.83201
-6.35507 106.83201
-6.35504 106.83204
-6.35503 106.83204
-6.355 106.83212
-6.35499 106.83213
-6.35499 106.83218
-6.35498 106.8322
-6.35498 106.83222
-6.35499 106.83223
-6.35499 106.83227
-6.355 106.83233
-6.35507 106.83252
-6.35519 106.83297
-6.3552 106.83306
-6.3552 106.83319
-6.35519 106.83325
-6.35519 106.83328
-6.35517 106.83332
-6.35515 106.83334
-6.35515 106.83342
-6.35511 106.83383
-6.35511 106.83404
-6.35507 106.83446
-6.35506 106.8345
-6.35506 106.83464
-6.35508 106.83468
-6.3551 106.8347
-6.35496 106.8352
-6.3549 106.83533
-6.35416 106.83656
-6.35404 106.83679
-6.35404 106.8368
-6.35397 106.83695
-6.35387 106.83724
-6.35386 106.83748
-6.35389 106.8377
-6.35396 106.83793
-6.35398 106.83797
-6.35416 106.83853
-6.35444 106.83918
-6.35446 106.83925
-6.35466 106.83974
-6.35478 106.84009
-6.35488 106.84079
-6.35494 106.84161
-6.35502 106.84403
-6.35496 106.84471
-6.35492 106.84493
-6.35492 106.84497
-6.35481 106.84588
-6.35478 106.84644
-6.35479 106.84653
-6.35479 106.84663
-6.35488 106.84724
-6.35515 106.84837
-6.35519 106.84865
-6.35544 106.84965
-6.35545 106.84984
-6.35544 106.84985
-6.35545 106.8499
-6.35545 106.85011
-6.3554 106.85054
-6.35537 106.85106
-6.35536 106.8517
-6.35542 106.85237
-6.35542 106.85244
-6.35575 106.85449
-6.35575 106.85455
-6.35592 106.85552
-6.35602 106.85587
-6.35617 106.85624
-6.35699 106.85772
-6.35738 106.85856
-6.35751 106.85878
-6.35776 106.85927
-6.35638 106.85943
-6.35635 106.85944
-6.35529 106.85959
-6.35509 106.85963
-6.35455 106.85977
-6.35429 106.85987
-6.35406 106.85999
-6.35374 106.8602
-6.35349 106.86043
-6.35342 106.86052
-6.35303 106.86111
-6.3521 106.8627
-6.35163 106.86342
-6.35129 106.86401
-6.35093 106.86453
-6.35054 106.86498
-6.35042 106.8651
-6.35004 106.8654
-6.34951 106.86575
-6.34875 106.86616
-6.34348 106.86873
-6.34308 106.86889
-6.34303 106.86893
-6.34268 106.86907
-6.34245 106.86913
-6.34228 106.86916
-6.34171 106.86921
-6.34125 106.86921
-6.34075 106.86917
-6.34029 106.86906
-6.33929 106.86878
-6.33857 106.86863
-6.3379 106.86842
-6.33765 106.86836
-6.33662 106.86806
-6.3361 106.86794
-6.3352 106.86781
-6.33229 106.86748
-6.33219 106.86746
-6.33198 106.8674
-6.33101 106.86702
-6.33058 106.8668
-6.33034 106.86664
-6.32998 106.86631
-6.32919 106.86548
-6.3286 106.8649
-6.32819 106.86453
-6.32778 106.86421
-6.32736 106.86398
-6.32714 106.86388
-6.32693 106.86381
-6.32675 106.86377
-6.32657 106.86375
-6.32632 106.86374
-6.32595 106.86377
-6.32557 106.86384
-6.32477 106.86409
-6.32403 106.86435
-6.32276 106.86471
-6.32153 106.8651
-6.32152 106.8651
-6.32127 106.86516
-6.32097 106.86518
-6.32078 106.86518
-6.32021 106.86511
-6.31973 106.86499
-6.3189 106.86474
-6.31885 106.86473
-6.31848 106.86458
-6.31819 106.86448
-6.31784 106.86438
-6.31739 106.86421
-6.31704 106.86404
-6.31617 106.86367
-6.31458 106.86309
-6.31327 106.8627
-6.31243 106.86251
-6.31237 106.86251
-6.31229 106.8625
-6.31144 106.86248
-6.31092 106.86254
-6.31071 106.86258
-6.31035 106.86268
-6.30988 106.86289
-6.30944 106.86316
-6.30933 106.86325
-6.30914 106.86332
-6.30656 106.86477
-6.30641 106.86484
-6.30641 106.86485
-6.30639 106.86485
-6.30634 106.86488
-6.30629 106.8649
-6.30627 106.86492
-6.30625 106.86492
-6.30625 106.86493
-6.30604 106.86503
-6.30658 106.8661
-6.30668 106.86626
-6.30733 106.86751
-6.30742 106.86765
-6.30749 106.86793
-6.30753 106.86803
-6.30758 106.86812
-6.30759 106.86815
-6.3077 106.86832
-6.30771 106.86833
-6.30798 106.86879
-6.30818 106.86922
-6.30833 106.86974
-6.30841 106.8703
-6.3084 106.87089
-6.30838 106.87103
-6.30838 106.87107
-6.30825 106.87183
-6.30779 106.87392
-6.30777 106.87405
-6.30671 106.87793
-6.30658 106.87855
-6.30658 106.87859
-6.30647 106.87907
-6.30618 106.87979
-6.30612 106.87997
-6.30606 106.88022
-6.30605 106.88024
-6.30597 106.88059
-6.30591 106.88079
-6.3058 106.88126
-6.30572 106.88173
-6.30566 106.88226
-6.30552 106.88697
-6.30564 106.88711
-6.30571 106.88715
-6.30575 106.88718
-6.30582 106.88722
-6.30586 106.88723
-6.30593 106.88723
-6.30597 106.88722
-6.30601 106.88722
-6.30613 106.88716
-6.30622 106.88706
-6.30625 106.88704
-6.3063 106.88702
-6.30631 106.88691
-6.30633 106.88683
-6.30641 106.88669
-6.30648 106.88661
-6.30668 106.88642
-6.307 106.8862
-6.30737 106.8859
-6.30754 106.88572
-6.30765 106.88555
-6.3077 106.8854
-6.30792 106.88447
-6.30796 106.88421
-6.30797 106.88418
-6.30799 106.88405
-6.30798 106.88386
-6.30794 106.88368
-6.30785 106.88348
-6.30749 106.88288
-6.30744 106.88278
-6.30662 106.88157
-6.30656 106.88144
-6.30653 106.88125
-6.30652 106.88088
-6.30658 106.8805
-6.30668 106.88045
-6.30674 106.88044
-6.3068 106.88044
-6.30687 106.88046
-6.30695 106.8805
-6.30724 106.88077
-6.3074 106.88088
-6.30792 106.88116
-6.30827 106.88132
-6.30837 106.88138
-6.30861 106.88149
-6.30873 106.88156
-6.30878 106.88161
-6.30881 106.88165
-6.30885 106.88173
-6.30886 106.88178
-6.30888 106.88182
-6.30888 106.88188
-6.30889 106.88195
-6.30885 106.88236
-6.30887 106.88246
-6.30889 106.88252
-6.30896 106.88264
-6.30904 106.88272
-6.30909 106.88275
-6.30914 106.8828
-6.30922 106.88284
-6.30934 106.88292
-6.30939 106.88297
-6.30944 106.883
-6.30947 106.88304
-6.30949 106.88308
-6.30951 106.8831
-6.30962 106.88345
-6.30966 106.88353
-6.30969 106.88361
-6.30973 106.88367
-6.30976 106.88373
-6.30982 106.88378
-6.30994 106.88384
-6.31049 106.88397
-6.3108 106.88408
-6.31109 106.88425
-6.31112 106.88426
-6.31119 106.88426
-6.31119 106.88425
-6.3112 106.88425
-6.3112 106.88424
-6.31121 106.88424
-6.31121 106.88422
-6.31122 106.8842
-6.31123 106.88414
-6.31126 106.88368
-6.31124 106.88364
-6.31118 106.88361
-6.31098 106.88357
-6.31084 106.88351
-6.31079 106.88347
-6.31064 106.8834
-6.31059 106.88337
-6.31023 106.88325
-6.31017 106.88321
-6.31015 106.88319
-6.31012 106.88313
-6.31011 106.88309
-6.31011 106.88298
-6.31013 106.88291
-6.31015 106.88288
-6.31042 106.88257
-6.31044 106.88252
-6.31044 106.88247
-6.31043 106.88245
-6.31043 106.88242
-6.31036 106.8822
-6.31032 106.88212
-6.31023 106.88207
-6.31007 106.88201
-6.30985 106.88187
-6.30968 106.88171
-6.30958 106.88164
-6.30953 106.88163
-6.30926 106.88153
-6.30918 106.88151
-6.3088 106.88137
-6.30859 106.88126
-6.30815 106.88108
-6.30775 106.88088
-6.30761 106.88078
-6.30754 106.88072
-6.30725 106.88041
-6.307 106.88011
-6.30675 106.87977
-6.30689 106.87917
-6.30712 106.87837
-6.30721 106.87812
-6.30747 106.87713
-6.30778 106.87576
-6.30837 106.87347
-6.30866 106.87209
-6.30883 106.87121
-6.30891 106.87038
-6.30891 106.87026
-6.30892 106.87015
-6.30886 106.86959
-6.30881 106.86937
-6.30881 106.86935
-6.30869 106.86889
-6.30851 106.86844
-6.30806 106.86769
-6.30737 106.86624
-6.30709 106.86575
-6.30706 106.86566
-6.30706 106.86565
-6.30693 106.86532
-6.30694 106.86526
-6.30694 106.86521
-6.30697 106.86507
-6.30704 106.86495
-6.30721 106.86474
-6.30769 106.86449
-6.30794 106.86433
-6.30888 106.86382
-6.30899 106.86373
-6.30909 106.86363
-6.3091 106.86361
-6.3091 106.8636
-6.30911 106.86359
-6.30911 106.86356
-6.30912 106.86352
-6.30939 106.86333
-6.31014 106.86288
-6.31029 106.86281
-6.3105 106.86274
-6.31074 106.86269
-6.31134 106.8626
-6.31143 106.8626
-6.3115 106.86259
-6.3123 106.86259
-6.31239 106.8626
-6.31268 106.86266
-6.31383 106.86295
-6.31466 106.8632
-6.3162 106.86376
-6.31754 106.86435
-6.31818 106.86458
-6.31986 106.86511
-6.32014 106.86517
-6.32052 106.86523
-6.32115 106.86525
-6.32147 106.86519
-6.32249 106.86487
-6.32406 106.86443
-6.32529 106.86401
-6.3253 106.86401
-6.3257 106.86389
-6.3262 106.86385
-6.3263 106.86385
-6.3267 106.86388
-6.3268 106.8639
-6.32696 106.86395
-6.32751 106.8642
-6.32793 106.86445
-6.32815 106.86462
-6.32855 106.86497
-6.3286 106.86503
-6.3299 106.86635
-6.33028 106.86668
-6.33054 106.86687
-6.3309 106.86705
-6.33136 106.86725
-6.33202 106.8675
-6.33204 106.8675
-6.33217 106.86753
-6.33219 106.86753
-6.33228 106.86756
-6.33245 106.86758
-6.33264 106.86762
-6.33314 106.86766
-6.33516 106.86789
-6.33601 106.86801
-6.33604 106.86801
-6.33622 106.86804
-6.33663 106.86814
-6.33863 106.86874
-6.33927 106.86887
-6.33973 106.86901
-6.33988 106.86904
-6.34011 106.86912
-6.34054 106.86922
-6.34116 106.86929
-6.342 106.86927
-6.34242 106.86923
-6.34275 106.86913
-6.34353 106.8688
-6.34947 106.86589
-6.34956 106.86582
-6.35008 106.86548
-6.35037 106.86525
-6.35053 106.8651
-6.35093 106.86463
-6.35137 106.86401
-6.35169 106.86346
-6.3517 106.86346
-6.35233 106.86246
-6.35265 106.8619
-6.35297 106.86139
-6.35324 106.86091
-6.35341 106.86065
-6.35359 106.86044
-6.35378 106.86028
-6.3538 106.86027
-6.3539 106.86018
-6.35438 106.85991
-6.35469 106.8598
-6.35546 106.85964
-6.3561 106.85956
-6.35613 106.85956
-6.35661 106.85948
-6.35777 106.85934
-6.35776 106.85927
-6.35751 106.85878
-6.35738 106.85856
-6.35699 106.85772
-6.35617 106.85624
-6.35602 106.85587
-6.35592 106.85552
-6.35575 106.85455
-6.35575 106.85449
-6.35542 106.85244
-6.35542 106.85237
-6.35536 106.8517
-6.35537 106.85106
-6.3554 106.85054
-6.35545 106.85011
-6.35545 106.8499
-6.35544 106.84985
-6.35545 106.84984
-6.35544 106.84965
-6.35519 106.84865
-6.35515 106.84837
-6.35488 106.84724
-6.35479 106.84663
-6.35479 106.84653
-6.35478 106.84644
-6.35481 106.84588
-6.35492 106.84497
-6.35492 106.84493
-6.35496 106.84471
-6.35502 106.84403
-6.35494 106.84161
-6.35488 106.84079
-6.35478 106.84009
-6.35466 106.83974
-6.35446 106.83925
-6.35444 106.83918
-6.35416 106.83853
-6.35398 106.83797
-6.35396 106.83793
-6.35389 106.8377
-6.35386 106.83748
-6.35387 106.83724
-6.35397 106.83695
-6.35404 106.8368
-6.35404 106.83679
-6.35416 106.83656
-6.3549 106.83533
-6.35496 106.8352
-6.3551 106.8347
-6.35524 106.83438
-6.35526 106.83435
-6.35528 106.83434
-6.35532 106.83428
-6.35536 106.83418
-6.35542 106.83407
-6.35569 106.83378
-6.35583 106.83366
-6.35617 106.83347
-6.35657 106.83322
-6.35665 106.83318
-6.35667 106.83316
-6.35669 106.83315
-6.35671 106.83313
-6.35674 106.83308
-6.3576 106.83266
-6.35769 106.83263
-6.35786 106.8326
-6.35795 106.8326
-6.35798 106.83261
-6.35826 106.83265
-6.35928 106.83297
-6.36085 106.83339
-6.36104 106.83342
-6.36127 106.83348
-6.36162 106.83353
-6.3631 106.83364
-6.36326 106.83367
-6.36551 106.83394
-6.36566 106.83398
-6.368 106.83413
-6.36834 106.83413
-6.36884 106.83403
-6.36921 106.83393
-6.36972 106.83384
-6.37111 106.83334
-6.37228 106.83303
-6.37234 106.83302
-6.37314 106.83281
-6.37381 106.83258
-6.37407 106.83251
-6.37494 106.83234
-6.37521 106.83231
-6.37579 106.83221
-6.37643 106.83206
-6.37671 106.83198
-6.37686 106.83198
-6.37694 106.83195
-6.3771 106.83193
-6.37736 106.83183
-6.37755 106.83179
-6.3782 106.83159
-6.38238 106.82999
-6.38246 106.82995
-6.38323 106.82967
-6.38428 106.82924
-6.3843 106.82924
-6.38454 106.82913
-6.38459 106.82912
-6.38509 106.82894
-6.38562 106.82872
-6.38566 106.82871
-6.38592 106.82858
-6.386 106.82853
-6.38612 106.82847
-6.38621 106.82841
-6.38622 106.8284
-6.38637 106.8283
-6.38744 106.82734
-6.38822 106.82668
-6.38822 106.82667
-6.38831 106.82661
-6.38836 106.82669
-6.38848 106.82659
-6.38874 106.82641
-6.38882 106.82637
-6.38897 106.82626
-6.38911 106.82618
-6.3899 106.82582
-6.39 106.82576
-6.39003 106.82571
-6.39005 106.82565
-6.39017 106.82558
-6.39019 106.82558
-6.39063 106.82537
-6.3914 106.82496
-6.39145 106.82494
-6.39161 106.82484
-6.39162 106.82484
-6.39228 106.82446
-6.3926 106.82433
-6.39276 106.82422
-6.39315 106.82406
-6.39382 106.82369
-6.39383 106.82368
-6.39401 106.82357
-6.39421 106.82342
-6.39422 106.82342
-6.39451 106.82317
-6.39572 106.82189
-6.39572 106.82188
-6.39598 106.82168
-6.39602 106.82166
-6.39622 106.82151
-6.39615 106.8214
-6.39588 106.82157
-6.39586 106.82159
-6.39579 106.82164
-6.39575 106.82168
-6.39571 106.82171
-6.39563 106.82179
-6.3956 106.82183
-6.3947 106.82278
-6.3946 106.82287
-6.39443 106.82306
-6.3942 106.82328
-6.39408 106.82338
-6.39398 106.82345
-6.39368 106.82363
-6.39264 106.82419
-6.39223 106.82438
-6.39216 106.82445
-6.39165 106.82471
